1e-08 56 26 -4.469e-11 930.399 929.876 9.30404e-06
1.02e-08 56 26 -4.58073e-11 930.399 929.876 9.49011e-06
1.0404e-08 56 26 -4.69505e-11 930.399 929.876 9.67991e-06
1.06121e-08 56 26 -4.81185e-11 930.398 929.876 9.87351e-06
1.08243e-08 56 26 -4.93133e-11 930.398 929.876 1.0071e-05
1.10408e-08 56 26 -5.05344e-11 930.398 929.876 1.02724e-05
1.12616e-08 56 26 -5.17813e-11 930.398 929.876 1.04778e-05
1.14869e-08 56 26 -5.30563e-11 930.398 929.876 1.06874e-05
1.17166e-08 56 26 -5.43576e-11 930.397 929.876 1.09011e-05
1.19509e-08 56 26 -5.56877e-11 930.397 929.876 1.11192e-05
1.21899e-08 56 26 -5.70458e-11 930.397 929.876 1.13415e-05
1.24337e-08 56 26 -5.84312e-11 930.397 929.876 1.15684e-05
1.26824e-08 56 26 -5.98462e-11 930.397 929.876 1.17997e-05
1.29361e-08 56 26 -6.1289e-11 930.396 929.876 1.20357e-05
1.31948e-08 56 26 -6.2762e-11 930.396 929.876 1.22764e-05
1.34587e-08 56 26 -6.4263e-11 930.396 929.876 1.2522e-05
1.37279e-08 56 26 -6.57948e-11 930.396 929.876 1.27724e-05
1.40024e-08 56 26 -6.73548e-11 930.396 929.875 1.30279e-05
1.42825e-08 56 26 -6.89459e-11 930.396 929.875 1.32884e-05
1.45681e-08 56 26 -7.05652e-11 930.395 929.875 1.35542e-05
1.48595e-08 56 26 -7.22159e-11 930.395 929.875 1.38253e-05
1.51567e-08 56 26 -7.38946e-11 930.395 929.875 1.41018e-05
1.54598e-08 56 26 -7.5603e-11 930.395 929.875 1.43838e-05
1.5769e-08 56 26 -7.73426e-11 930.395 929.875 1.46715e-05
1.60844e-08 56 26 -7.91097e-11 930.394 929.875 1.49649e-05
1.64061e-08 56 26 -8.09078e-11 930.394 929.875 1.52642e-05
1.67342e-08 56 26 -8.27326e-11 930.394 929.874 1.55695e-05
1.70689e-08 56 26 -8.45857e-11 930.394 929.874 1.58809e-05
1.74102e-08 56 26 -8.64688e-11 930.394 929.874 1.61985e-05
1.77584e-08 56 26 -8.83769e-11 930.394 929.874 1.65224e-05
1.81136e-08 56 26 -9.03116e-11 930.393 929.874 1.68529e-05
1.84759e-08 56 26 -9.22746e-11 930.393 929.874 1.71899e-05
1.88454e-08 56 26 -9.426e-11 930.393 929.874 1.75337e-05
1.92223e-08 56 26 -9.62693e-11 930.393 929.874 1.78844e-05
1.96068e-08 56 26 -9.83013e-11 930.393 929.873 1.82421e-05
1.99989e-08 56 26 -1.00358e-10 930.393 929.873 1.86069e-05
2.03989e-08 56 26 -1.02431e-10 930.392 929.873 1.89791e-05
2.08069e-08 56 26 -1.04524e-10 930.392 929.873 1.93586e-05
2.1223e-08 56 26 -1.06633e-10 930.392 929.873 1.97458e-05
2.16474e-08 56 26 -1.08756e-10 930.392 929.873 2.01407e-05
2.20804e-08 56 26 -1.10893e-10 930.392 929.872 2.05435e-05
2.2522e-08 56 26 -1.1304e-10 930.392 929.872 2.09544e-05
2.29724e-08 56 26 -1.15195e-10 930.392 929.872 2.13735e-05
2.34319e-08 56 26 -1.17355e-10 930.391 929.872 2.1801e-05
2.39005e-08 56 26 -1.19517e-10 930.391 929.872 2.2237e-05
2.43785e-08 56 26 -1.21678e-10 930.391 929.871 2.26817e-05
2.48661e-08 56 26 -1.23834e-10 930.391 929.871 2.31353e-05
2.53634e-08 56 26 -1.25982e-10 930.391 929.871 2.3598e-05
2.58707e-08 56 26 -1.28116e-10 930.391 929.871 2.407e-05
2.63881e-08 56 26 -1.30233e-10 930.391 929.871 2.45514e-05
2.69159e-08 56 26 -1.32328e-10 930.391 929.87 2.50424e-05
2.74542e-08 56 26 -1.34394e-10 930.39 929.87 2.55433e-05
2.80033e-08 56 26 -1.36428e-10 930.39 929.87 2.60541e-05
2.85633e-08 56 26 -1.38415e-10 930.39 929.87 2.65752e-05
2.91346e-08 56 26 -1.40362e-10 930.39 929.869 2.71067e-05
2.97173e-08 56 26 -1.42255e-10 930.39 929.869 2.76488e-05
3.03117e-08 56 26 -1.44086e-10 930.39 929.869 2.82018e-05
3.09179e-08 56 26 -1.45841e-10 930.39 929.868 2.87658e-05
3.15362e-08 56 26 -1.47523e-10 930.39 929.868 2.93411e-05
3.2167e-08 56 26 -1.4911e-10 930.39 929.868 2.9928e-05
3.28103e-08 56 26 -1.50605e-10 930.39 929.868 3.05265e-05
3.34665e-08 56 26 -1.51982e-10 930.39 929.867 3.1137e-05
3.41358e-08 56 26 -1.53245e-10 930.389 929.867 3.17598e-05
3.48186e-08 56 26 -1.54365e-10 930.389 929.867 3.2395e-05
3.55149e-08 56 26 -1.55336e-10 930.389 929.866 3.30429e-05
3.62252e-08 56 26 -1.56153e-10 930.389 929.866 3.37037e-05
3.69497e-08 56 26 -1.56782e-10 930.389 929.866 3.43778e-05
3.76887e-08 56 26 -1.57215e-10 930.389 929.865 3.50653e-05
3.84425e-08 56 26 -1.57435e-10 930.389 929.865 3.57666e-05
3.92114e-08 56 26 -1.57423e-10 930.389 929.864 3.6482e-05
3.99956e-08 56 26 -1.57158e-10 930.389 929.864 3.72116e-05
4.07955e-08 56 26 -1.56618e-10 930.389 929.864 3.79558e-05
4.16114e-08 56 26 -1.55781e-10 930.389 929.863 3.8715e-05
4.24436e-08 56 26 -1.54622e-10 930.389 929.863 3.94892e-05
4.32925e-08 56 26 -1.53114e-10 930.389 929.862 4.0279e-05
4.41584e-08 56 26 -1.51216e-10 930.389 929.862 4.10846e-05
4.50415e-08 56 26 -1.48926e-10 930.389 929.861 4.19063e-05
4.59424e-08 56 26 -1.46183e-10 930.389 929.861 4.27444e-05
4.68612e-08 56 26 -1.42983e-10 930.389 929.86 4.35993e-05
4.77984e-08 56 26 -1.39259e-10 930.389 929.86 4.44713e-05
4.87544e-08 56 26 -1.34989e-10 930.389 929.859 4.53607e-05
4.97295e-08 56 26 -1.30149e-10 930.389 929.859 4.62679e-05
5.07241e-08 56 26 -1.24663e-10 930.39 929.858 4.71933e-05
5.17386e-08 56 26 -1.185e-10 930.39 929.858 4.81371e-05
5.27733e-08 56 26 -1.11593e-10 930.39 929.857 4.90999e-05
5.38288e-08 56 26 -1.03928e-10 930.39 929.856 5.00819e-05
5.49054e-08 56 26 -9.54327e-11 930.39 929.856 5.10835e-05
5.60035e-08 56 26 -8.6026e-11 930.39 929.855 5.21052e-05
5.71235e-08 56 26 -7.56895e-11 930.39 929.854 5.31473e-05
5.8266e-08 56 26 -6.43132e-11 930.391 929.854 5.42102e-05
5.94313e-08 56 26 -5.18496e-11 930.391 929.853 5.52944e-05
6.062e-08 56 26 -3.82253e-11 930.391 929.852 5.64003e-05
6.18324e-08 56 26 -2.3336e-11 930.391 929.852 5.75283e-05
6.3069e-08 56 26 -7.15112e-12 930.391 929.851 5.86789e-05
6.43304e-08 56 26 1.04704e-11 930.392 929.85 5.98524e-05
6.5617e-08 56 26 2.95945e-11 930.392 929.849 6.10495e-05
6.69293e-08 56 26 5.03189e-11 930.392 929.848 6.22705e-05
6.82679e-08 56 26 7.27468e-11 930.393 929.848 6.35159e-05
6.96333e-08 56 26 9.70206e-11 930.393 929.847 6.47862e-05
7.10259e-08 56 26 1.23225e-10 930.393 929.846 6.60819e-05
7.24465e-08 56 26 1.51481e-10 930.394 929.845 6.74036e-05
7.38954e-08 56 26 1.81956e-10 930.394 929.844 6.87516e-05
7.53733e-08 56 26 2.14712e-10 930.394 929.843 7.01267e-05
7.68808e-08 56 26 2.50007e-10 930.395 929.842 7.15292e-05
7.84184e-08 56 26 2.87918e-10 930.395 929.841 7.29598e-05
7.99867e-08 56 26 3.28606e-10 930.396 929.84 7.4419e-05
8.15865e-08 56 26 3.7228e-10 930.396 929.838 7.59074e-05
8.32182e-08 56 26 4.19076e-10 930.397 929.837 7.74256e-05
8.48826e-08 56 26 4.69227e-10 930.398 929.836 7.89741e-05
8.65802e-08 56 26 5.22932e-10 930.398 929.835 8.05536e-05
8.83118e-08 56 26 5.80348e-10 930.399 929.833 8.21646e-05
9.00781e-08 56 26 6.41794e-10 930.399 929.832 8.38079e-05
9.18796e-08 56 26 7.07448e-10 930.4 929.831 8.54841e-05
9.37172e-08 56 26 7.77547e-10 930.401 929.829 8.71938e-05
9.55916e-08 56 26 8.52394e-10 930.402 929.828 8.89377e-05
9.75034e-08 56 26 9.32247e-10 930.403 929.826 9.07165e-05
9.94535e-08 56 26 1.01737e-09 930.403 929.825 9.25308e-05
1.01443e-07 56 26 1.10808e-09 930.404 929.823 9.43815e-05
1.03471e-07 56 26 1.20471e-09 930.405 929.822 9.62691e-05
1.05541e-07 56 26 1.30763e-09 930.406 929.82 9.81945e-05
1.07652e-07 56 26 1.41718e-09 930.407 929.818 0.000100158
1.09805e-07 56 26 1.53367e-09 930.408 929.816 0.000102162
1.12001e-07 56 26 1.65757e-09 930.409 929.814 0.000104205
1.14241e-07 56 26 1.78922e-09 930.411 929.812 0.000106289
1.16526e-07 56 26 1.91879e-09 930.411 929.811 0.000108415
1.18856e-07 56 26 2.04365e-09 930.412 929.81 0.000110583
1.21233e-07 56 26 2.20019e-09 930.413 929.808 0.000112795
1.23658e-07 56 26 2.36634e-09 930.414 929.806 0.000115051
1.26131e-07 56 26 2.5426e-09 930.416 929.803 0.000117352
1.28654e-07 56 26 2.72962e-09 930.417 929.801 0.000119699
1.31227e-07 56 26 2.92782e-09 930.419 929.799 0.000122093
1.33851e-07 56 26 3.13782e-09 930.42 929.796 0.000124535
1.36528e-07 56 26 3.36042e-09 930.422 929.794 0.000127026
1.39259e-07 56 26 3.59606e-09 930.424 929.791 0.000129566
1.42044e-07 56 26 3.84558e-09 930.426 929.788 0.000132158
1.44885e-07 56 26 4.10964e-09 930.427 929.785 0.000134801
1.47783e-07 56 26 4.38895e-09 930.429 929.783 0.000137497
1.50738e-07 56 26 4.6844e-09 930.431 929.78 0.000140247
1.53753e-07 56 26 4.99664e-09 930.433 929.777 0.000143052
1.56828e-07 56 26 5.32678e-09 930.435 929.773 0.000145913
1.59965e-07 56 26 5.67557e-09 930.438 929.77 0.000148831
1.63164e-07 56 26 6.04393e-09 930.44 929.767 0.000151808
1.66427e-07 56 26 6.43283e-09 930.442 929.764 0.000154845
1.69756e-07 56 26 6.84342e-09 930.445 929.76 0.000157942
1.73151e-07 56 26 7.27662e-09 930.447 929.756 0.000161101
1.76614e-07 56 26 7.73368e-09 930.45 929.753 0.000164323
1.80146e-07 56 26 8.21559e-09 930.453 929.749 0.000167609
1.83749e-07 56 26 8.72373e-09 930.455 929.745 0.000170962
1.87424e-07 56 26 9.25918e-09 930.458 929.741 0.000174381
1.91173e-07 56 26 9.82361e-09 930.461 929.737 0.000177869
1.94996e-07 56 26 1.04178e-08 930.464 929.732 0.000181426
1.98896e-07 56 26 1.10438e-08 930.468 929.728 0.000185055
2.02874e-07 56 26 1.17027e-08 930.471 929.724 0.000188757
2.06931e-07 56 26 1.23963e-08 930.474 929.719 0.000192532
2.1107e-07 56 26 1.31261e-08 930.478 929.714 0.000196383
2.15291e-07 56 26 1.38938e-08 930.481 929.709 0.000200311
2.19597e-07 56 26 1.4701e-08 930.485 929.704 0.000204317
2.23989e-07 56 26 1.55497e-08 930.489 929.699 0.000208404
2.28469e-07 56 26 1.64418e-08 930.493 929.694 0.000212572
2.33038e-07 56 26 1.73793e-08 930.497 929.688 0.000216824
2.37699e-07 56 26 1.83642e-08 930.501 929.683 0.000221161
2.42453e-07 56 26 1.93988e-08 930.505 929.677 0.000225584
2.47302e-07 56 26 2.04849e-08 930.51 929.671 0.000230097
2.52248e-07 56 26 2.16251e-08 930.515 929.665 0.000234699
2.57293e-07 56 26 2.28222e-08 930.519 929.659 0.000239393
2.62439e-07 56 26 2.40781e-08 930.524 929.652 0.000244182
2.67688e-07 56 26 2.53956e-08 930.529 929.646 0.000249066
2.73042e-07 56 26 2.67773e-08 930.534 929.639 0.000254048
2.78502e-07 56 26 2.82265e-08 930.539 929.632 0.000259129
2.84072e-07 56 26 2.97459e-08 930.545 929.625 0.000264312
2.89754e-07 62 28 2.89274e-08 930.542 929.627 0.000269599
2.95549e-07 62 28 3.0485e-08 930.547 929.62 0.000274992
3.0146e-07 62 28 3.21173e-08 930.553 929.613 0.000280492
3.07489e-07 62 28 3.38282e-08 930.558 929.605 0.000286103
3.13639e-07 62 28 3.56204e-08 930.564 929.597 0.000291825
3.19912e-07 62 28 3.74978e-08 930.57 929.589 0.000297663
3.2631e-07 62 28 3.94644e-08 930.576 929.581 0.000303617
3.32836e-07 62 28 4.15232e-08 930.583 929.572 0.00030969
3.39493e-07 62 28 4.36787e-08 930.589 929.563 0.000315885
3.46283e-07 62 28 4.59349e-08 930.596 929.554 0.000322203
3.53208e-07 62 28 4.82961e-08 930.602 929.545 0.000328648
3.60272e-07 62 28 5.07669e-08 930.609 929.536 0.000335222
3.67478e-07 62 28 5.33513e-08 930.616 929.526 0.000341928
3.74827e-07 62 28 5.60551e-08 930.624 929.517 0.000348767
3.82324e-07 62 28 5.8883e-08 930.631 929.507 0.000355744
3.89971e-07 62 28 6.184e-08 930.639 929.496 0.00036286
3.9777e-07 62 28 6.49312e-08 930.647 929.486 0.000370118
4.05725e-07 62 28 6.81632e-08 930.655 929.475 0.000377522
4.1384e-07 62 28 7.15408e-08 930.663 929.464 0.000385074
4.22117e-07 62 28 7.50713e-08 930.671 929.453 0.000392777
4.30559e-07 62 28 7.87598e-08 930.68 929.442 0.000400634
4.3917e-07 62 28 8.26136e-08 930.689 929.43 0.000408648
4.47954e-07 62 28 8.66401e-08 930.698 929.418 0.000416823
4.56913e-07 62 28 9.08453e-08 930.707 929.405 0.000425161
4.66051e-07 62 28 9.52373e-08 930.717 929.393 0.000433666
4.75372e-07 62 28 9.98243e-08 930.727 929.38 0.000442341
4.84879e-07 62 28 1.04613e-07 930.737 929.367 0.00045119
4.94577e-07 62 28 1.09613e-07 930.747 929.354 0.000460216
5.04468e-07 62 28 1.14833e-07 930.757 929.34 0.000469423
5.14558e-07 62 28 1.20281e-07 930.768 929.326 0.000478814
5.24849e-07 62 28 1.25967e-07 930.779 929.311 0.000488392
5.35346e-07 62 28 1.31901e-07 930.79 929.297 0.000498163
5.46053e-07 62 28 1.38094e-07 930.801 929.282 0.000508129
5.56974e-07 62 28 1.44555e-07 930.813 929.267 0.000518294
5.68113e-07 62 28 1.51296e-07 930.825 929.251 0.000528663
5.79476e-07 62 28 1.58329e-07 930.837 929.235 0.000539239
5.91065e-07 62 28 1.65664e-07 930.85 929.219 0.000550027
6.02886e-07 62 28 1.73316e-07 930.863 929.202 0.000561031
6.14944e-07 62 28 1.81296e-07 930.876 929.185 0.000572255
6.27243e-07 62 28 1.89618e-07 930.889 929.168 0.000583704
6.39788e-07 62 28 1.98296e-07 930.903 929.15 0.000595382
6.52584e-07 62 28 2.07346e-07 930.917 929.132 0.000607294
6.65635e-07 62 28 2.16781e-07 930.931 929.113 0.000619444
6.78948e-07 62 28 2.26618e-07 930.946 929.094 0.000631837
6.92527e-07 62 28 2.36872e-07 930.961 929.075 0.000644479
7.06378e-07 62 28 2.47563e-07 930.976 929.055 0.000657373
7.20505e-07 62 28 2.58706e-07 930.992 929.035 0.000670526
7.34915e-07 62 28 2.70321e-07 931.008 929.015 0.000683942
7.49614e-07 62 28 2.82426e-07 931.024 928.994 0.000697626
7.64606e-07 62 28 2.95042e-07 931.041 928.972 0.000711584
7.79898e-07 62 28 3.0819e-07 931.058 928.95 0.000725822
7.95496e-07 62 28 3.21891e-07 931.075 928.928 0.000740345
8.11406e-07 62 28 3.36169e-07 931.093 928.905 0.000755158
8.27634e-07 62 28 3.51045e-07 931.111 928.882 0.000770268
8.44187e-07 62 28 3.66545e-07 931.13 928.858 0.000785681
8.6107e-07 62 28 3.82694e-07 931.149 928.834 0.000801402
8.78292e-07 62 28 3.9952e-07 931.168 928.809 0.000817438
8.95858e-07 62 28 4.17048e-07 931.188 928.784 0.000833795
9.13775e-07 62 28 4.35308e-07 931.208 928.758 0.000850479
9.3205e-07 62 28 4.54329e-07 931.229 928.732 0.000867498
9.50691e-07 62 28 4.74144e-07 931.25 928.705 0.000884857
9.69705e-07 62 28 4.94783e-07 931.271 928.678 0.000902564
9.89099e-07 62 28 5.16281e-07 931.293 928.65 0.000920625
1.00888e-06 62 28 5.38671e-07 931.316 928.621 0.000939048
1.02906e-06 64 28 5.25053e-07 931.302 928.639 0.00095784
1.04964e-06 64 28 5.47809e-07 931.324 928.61 0.000977007
1.07063e-06 64 28 5.71509e-07 931.347 928.58 0.000996559
1.09205e-06 64 28 5.96192e-07 931.37 928.549 0.0010165
1.11389e-06 64 28 6.21897e-07 931.393 928.518 0.00103684
1.13616e-06 64 28 6.48666e-07 931.417 928.486 0.00105759
1.15889e-06 64 28 6.76545e-07 931.441 928.453 0.00107876
1.18207e-06 64 28 7.05575e-07 931.466 928.42 0.00110035
1.20571e-06 64 28 7.35804e-07 931.491 928.386 0.00112237
1.22982e-06 64 28 7.67283e-07 931.517 928.351 0.00114483
1.25442e-06 64 28 8.0006e-07 931.543 928.316 0.00116774
1.27951e-06 64 28 8.34189e-07 931.57 928.28 0.00119111
1.3051e-06 64 28 8.69726e-07 931.598 928.243 0.00121495
1.3312e-06 64 28 9.06725e-07 931.626 928.206 0.00123927
1.35782e-06 64 28 9.45248e-07 931.654 928.168 0.00126408
1.38498e-06 64 28 9.85357e-07 931.684 928.129 0.00128938
1.41268e-06 64 28 1.02711e-06 931.714 928.089 0.00131518
1.44093e-06 64 28 1.07059e-06 931.744 928.048 0.00134151
1.46975e-06 64 28 1.11585e-06 931.775 928.007 0.00136836
1.49914e-06 64 28 1.16297e-06 931.807 927.964 0.00139575
1.52913e-06 64 28 1.21202e-06 931.839 927.921 0.00142369
1.55971e-06 64 28 1.26309e-06 931.872 927.877 0.00145219
1.5909e-06 64 28 1.31625e-06 931.906 927.832 0.00148126
1.62272e-06 64 28 1.37159e-06 931.941 927.787 0.00151091
1.65518e-06 64 28 1.4292e-06 931.976 927.74 0.00154116
1.68828e-06 64 28 1.48917e-06 932.012 927.692 0.00157201
1.72205e-06 64 28 1.55159e-06 932.048 927.644 0.00160348
1.75649e-06 66 28 1.5167e-06 932.028 927.671 0.00163558
1.79162e-06 66 28 1.58025e-06 932.064 927.621 0.00166832
1.82745e-06 66 28 1.6464e-06 932.101 927.57 0.00170172
1.864e-06 66 28 1.71526e-06 932.138 927.518 0.00173579
1.90128e-06 66 28 1.78694e-06 932.176 927.464 0.00177054
1.9393e-06 66 28 1.86154e-06 932.215 927.41 0.00180599
1.97809e-06 66 28 1.93919e-06 932.255 927.355 0.00184214
2.01765e-06 66 28 2.02002e-06 932.295 927.298 0.00187903
2.058e-06 66 28 2.10415e-06 932.336 927.241 0.00191665
2.09916e-06 66 28 2.19172e-06 932.378 927.182 0.00195502
2.14115e-06 84 34 2.06498e-06 932.319 927.261 0.00199417
2.18397e-06 84 34 2.15105e-06 932.359 927.2 0.00203409
2.22765e-06 84 34 2.24063e-06 932.4 927.139 0.00207482
2.2722e-06 84 34 2.33387e-06 932.441 927.076 0.00211636
2.31765e-06 84 34 2.43093e-06 932.483 927.012 0.00215874
2.364e-06 84 34 2.53195e-06 932.527 926.947 0.00220196
2.41128e-06 84 34 2.63708e-06 932.571 926.88 0.00224605
2.45951e-06 84 34 2.74651e-06 932.616 926.812 0.00229103
2.5087e-06 84 34 2.86041e-06 932.661 926.743 0.0023369
2.55887e-06 84 34 2.97895e-06 932.708 926.672 0.0023837
2.61005e-06 84 34 3.10232e-06 932.756 926.6 0.00243143
2.66225e-06 84 34 3.23072e-06 932.805 926.526 0.00248013
2.71549e-06 84 34 3.36436e-06 932.854 926.451 0.00252979
2.7698e-06 84 34 3.50345e-06 932.905 926.375 0.00258046
2.8252e-06 84 34 3.6482e-06 932.957 926.296 0.00263214
2.8817e-06 84 34 3.79885e-06 933.01 926.217 0.00268486
2.93934e-06 84 34 3.95563e-06 933.064 926.136 0.00273863
2.99812e-06 84 34 4.1188e-06 933.119 926.053 0.00279349
3.05809e-06 84 34 4.28862e-06 933.175 925.968 0.00284944
3.11925e-06 84 34 4.33295e-06 933.19 925.944 0.00290652
3.18163e-06 84 34 4.33145e-06 933.189 925.943 0.00296473
3.24526e-06 84 34 4.33089e-06 933.188 925.942 0.00302411
3.31017e-06 84 34 4.33136e-06 933.189 925.939 0.00308468
3.37637e-06 84 34 4.33295e-06 933.189 925.936 0.00314646
3.4439e-06 84 34 4.33574e-06 933.19 925.933 0.00320948
3.51278e-06 84 34 4.33983e-06 933.191 925.929 0.00327375
3.58303e-06 84 34 4.34532e-06 933.193 925.925 0.00333932
3.6547e-06 84 34 4.35233e-06 933.195 925.92 0.00340619
3.72779e-06 84 34 4.36097e-06 933.197 925.914 0.0034744
3.80235e-06 84 34 4.37136e-06 933.2 925.908 0.00354398
3.87839e-06 84 34 4.38362e-06 933.203 925.901 0.00361494
3.95596e-06 84 34 4.39788e-06 933.207 925.893 0.00368733
4.03508e-06 84 34 4.4143e-06 933.211 925.885 0.00376116
4.11578e-06 84 34 4.433e-06 933.215 925.876 0.00383648
4.1981e-06 84 34 4.45416e-06 933.22 925.866 0.00391329
4.28206e-06 84 34 4.47793e-06 933.226 925.856 0.00399165
4.3677e-06 84 34 4.50447e-06 933.232 925.844 0.00407157
4.45505e-06 84 34 4.53398e-06 933.239 925.832 0.00415309
4.54415e-06 84 34 4.56663e-06 933.246 925.819 0.00423625
4.63504e-06 84 34 4.60262e-06 933.254 925.805 0.00432106
4.72774e-06 84 34 4.64216e-06 933.262 925.791 0.00440758
4.82229e-06 84 34 4.68546e-06 933.271 925.775 0.00449582
4.91874e-06 84 34 4.73275e-06 933.281 925.758 0.00458583
5.01711e-06 84 34 4.78425e-06 933.291 925.74 0.00467764
5.11746e-06 84 34 4.84021e-06 933.302 925.722 0.00477129
5.2198e-06 84 34 4.9009e-06 933.314 925.702 0.00486682
5.3242e-06 84 34 4.96656e-06 933.327 925.681 0.00496425
5.43069e-06 84 34 5.0375e-06 933.34 925.659 0.00506364
5.5393e-06 84 34 5.11398e-06 933.354 925.636 0.00516501
5.65008e-06 84 34 5.19633e-06 933.369 925.612 0.00526842
5.76309e-06 84 34 5.28485e-06 933.384 925.587 0.00537389
5.87835e-06 84 34 5.37987e-06 933.4 925.56 0.00548147
5.99592e-06 84 34 5.48173e-06 933.418 925.533 0.00559121
6.11583e-06 84 34 5.5908e-06 933.436 925.503 0.00570315
6.23815e-06 84 34 5.70745e-06 933.454 925.473 0.00581732
6.36291e-06 84 34 5.83206e-06 933.474 925.441 0.00593378
6.49017e-06 84 34 5.96503e-06 933.495 925.408 0.00605258
6.61997e-06 84 34 6.1068e-06 933.517 925.374 0.00617375
6.75237e-06 84 34 6.25779e-06 933.539 925.338 0.00629735
6.88742e-06 84 34 6.41845e-06 933.563 925.301 0.00642342
7.02517e-06 84 34 6.58927e-06 933.587 925.262 0.00655202
7.16567e-06 84 34 6.77074e-06 933.613 925.222 0.00668319
7.30899e-06 84 34 6.96336e-06 933.639 925.18 0.006817
7.45517e-06 84 34 7.16767e-06 933.667 925.136 0.00695348
7.60427e-06 84 34 7.38423e-06 933.696 925.091 0.00709269
7.75636e-06 82 32 7.21318e-06 933.674 925.132 0.00723469
7.91148e-06 82 32 7.43203e-06 933.702 925.085 0.00737953
8.06971e-06 82 32 7.6638e-06 933.731 925.037 0.00752728
8.23111e-06 82 32 7.90909e-06 933.761 924.988 0.00767798
8.39573e-06 82 32 8.16853e-06 933.792 924.936 0.0078317
8.56364e-06 82 32 8.44276e-06 933.824 924.883 0.0079885
8.73492e-06 82 32 8.73248e-06 933.858 924.828 0.00814844
8.90961e-06 82 32 9.03837e-06 933.893 924.771 0.00831158
9.08781e-06 82 32 9.36117e-06 933.928 924.712 0.008478
9.26956e-06 82 32 9.70163e-06 933.966 924.651 0.00864775
9.45495e-06 82 32 1.00606e-05 934.004 924.588 0.0088209
9.64405e-06 82 32 1.04388e-05 934.044 924.524 0.00899753
9.83693e-06 82 32 1.08371e-05 934.084 924.457 0.00917769
1.00337e-05 82 32 1.12565e-05 934.127 924.388 0.00936146
1.02343e-05 82 32 1.16978e-05 934.17 924.317 0.00954892
1.0439e-05 82 32 1.2162e-05 934.215 924.244 0.00974014
1.06478e-05 82 32 1.265e-05 934.261 924.169 0.00993519
1.08608e-05 82 32 1.3163e-05 934.309 924.091 0.0101342
1.1078e-05 82 32 1.3222e-05 934.315 924.08 0.0103371
1.12995e-05 82 32 1.32424e-05 934.316 924.074 0.0105441
1.15255e-05 82 32 1.3286e-05 934.32 924.065 0.0107553
1.1756e-05 82 32 1.33523e-05 934.326 924.053 0.0109706
1.19912e-05 82 32 1.34412e-05 934.333 924.038 0.0111903
1.2231e-05 82 32 1.35527e-05 934.343 924.021 0.0114144
1.24756e-05 82 32 1.36868e-05 934.353 924.001 0.0116429
1.27251e-05 82 32 1.38438e-05 934.366 923.978 0.0118761
1.29796e-05 82 32 1.40241e-05 934.38 923.953 0.0121139
1.32392e-05 82 32 1.42279e-05 934.395 923.926 0.0123564
1.3504e-05 82 32 1.44559e-05 934.412 923.896 0.0126039
1.37741e-05 82 32 1.47087e-05 934.431 923.864 0.0128562
1.40496e-05 82 32 1.49869e-05 934.451 923.829 0.0131136
1.43306e-05 82 32 1.52914e-05 934.472 923.792 0.0133762
1.46172e-05 82 32 1.56228e-05 934.495 923.753 0.0136441
1.49095e-05 82 32 1.59822e-05 934.52 923.712 0.0139172
1.52077e-05 82 32 1.63705e-05 934.545 923.668 0.0141959
1.55119e-05 82 32 1.67888e-05 934.573 923.622 0.0144802
1.58221e-05 82 32 1.72382e-05 934.601 923.574 0.0147701
1.61385e-05 82 32 1.77199e-05 934.632 923.524 0.0150659
1.64613e-05 82 32 1.82351e-05 934.663 923.471 0.0153675
1.67905e-05 82 32 1.87852e-05 934.696 923.416 0.0156753
1.71263e-05 82 32 1.93716e-05 934.731 923.358 0.0159891
1.74689e-05 82 32 1.99958e-05 934.767 923.299 0.0163093
1.78182e-05 80 30 1.94015e-05 934.733 923.362 0.0166359
1.81746e-05 80 30 2.00262e-05 934.768 923.301 0.016969
1.85381e-05 80 30 2.06902e-05 934.804 923.237 0.0173088
1.89089e-05 80 30 2.13952e-05 934.842 923.171 0.0176554
1.9287e-05 80 30 2.21429e-05 934.881 923.102 0.0180089
1.96728e-05 80 30 2.2935e-05 934.922 923.031 0.0183696
2.00662e-05 80 30 2.37735e-05 934.964 922.957 0.0187374
2.04676e-05 80 30 2.46603e-05 935.008 922.881 0.0191127
2.08769e-05 80 30 2.55975e-05 935.053 922.802 0.0194954
2.12945e-05 80 30 2.65871e-05 935.1 922.72 0.0198859
2.17203e-05 80 30 2.76314e-05 935.148 922.636 0.0202841
2.21547e-05 80 30 2.77743e-05 935.155 922.621 0.0206903
2.25978e-05 80 30 2.79124e-05 935.161 922.608 0.0211047
2.30498e-05 80 30 2.81461e-05 935.171 922.587 0.0215274
2.35108e-05 80 30 2.84637e-05 935.185 922.561 0.0219585
2.3981e-05 80 30 2.88576e-05 935.202 922.529 0.0223982
2.44606e-05 80 30 2.93232e-05 935.221 922.494 0.0228468
2.49498e-05 80 30 2.98575e-05 935.242 922.454 0.0233043
2.54488e-05 80 30 3.0459e-05 935.266 922.41 0.023771
2.59578e-05 80 30 3.1127e-05 935.292 922.363 0.024247
2.6477e-05 80 30 3.18615e-05 935.32 922.313 0.0247326
2.70065e-05 80 30 3.26632e-05 935.35 922.259 0.0252279
2.75466e-05 80 30 3.35331e-05 935.382 922.202 0.0257331
2.80976e-05 80 30 3.44725e-05 935.416 922.142 0.0262484
2.86595e-05 80 30 3.54833e-05 935.452 922.079 0.0267741
2.92327e-05 80 30 3.65675e-05 935.489 922.012 0.0273103
2.98174e-05 80 30 3.77273e-05 935.528 921.943 0.0278573
3.04137e-05 80 30 3.89652e-05 935.569 921.871 0.0284152
3.1022e-05 80 30 4.02841e-05 935.612 921.795 0.0289843
3.16424e-05 80 30 4.16868e-05 935.657 921.716 0.0295648
3.22753e-05 80 30 4.31766e-05 935.704 921.635 0.0301569
3.29208e-05 80 30 4.47568e-05 935.752 921.55 0.0307609
3.35792e-05 80 30 4.64309e-05 935.802 921.462 0.0313771
3.42508e-05 80 30 4.79278e-05 935.847 921.384 0.0320056
3.49358e-05 80 30 4.81259e-05 935.852 921.37 0.0326466
3.56345e-05 78 28 4.79209e-05 935.846 921.392 0.0333005
3.63472e-05 78 28 4.8152e-05 935.853 921.377 0.0339675
3.70742e-05 78 28 4.85797e-05 935.865 921.352 0.0346478
3.78156e-05 78 28 4.92204e-05 935.882 921.318 0.0353417
3.8572e-05 78 28 5.00326e-05 935.903 921.276 0.0360496
3.93434e-05 78 28 5.09942e-05 935.928 921.228 0.0367716
4.01303e-05 78 28 5.20928e-05 935.955 921.174 0.037508
4.09329e-05 78 28 5.33213e-05 935.986 921.116 0.0382592
4.17515e-05 78 28 5.46762e-05 936.018 921.053 0.0390255
4.25866e-05 78 28 5.61561e-05 936.053 920.986 0.0398071
4.34383e-05 78 28 5.77614e-05 936.091 920.916 0.0406044
4.4307e-05 78 28 5.94934e-05 936.13 920.841 0.0414177
4.51932e-05 78 28 6.13545e-05 936.172 920.762 0.0422472
4.60971e-05 78 28 6.33478e-05 936.215 920.68 0.0430934
4.7019e-05 78 28 6.54769e-05 936.261 920.594 0.0439566
4.79594e-05 78 28 6.77461e-05 936.309 920.505 0.044837
4.89186e-05 78 28 7.016e-05 936.359 920.411 0.0457352
4.98969e-05 78 28 7.27237e-05 936.411 920.314 0.0466513
5.08949e-05 78 28 7.40631e-05 936.437 920.262 0.0475858
5.19128e-05 78 28 7.47718e-05 936.451 920.233 0.048539
5.2951e-05 78 28 7.59032e-05 936.473 920.19 0.0495113
5.401e-05 78 28 7.73364e-05 936.499 920.138 0.050503
5.50902e-05 78 28 7.90181e-05 936.53 920.078 0.0515147
5.61921e-05 78 28 8.09217e-05 936.565 920.013 0.0525466
5.73159e-05 78 28 8.30333e-05 936.602 919.942 0.0535991
5.84622e-05 78 28 8.53461e-05 936.642 919.866 0.0546728
5.96315e-05 78 28 8.78578e-05 936.684 919.785 0.055768
6.08241e-05 80 28 8.7138e-05 936.673 919.809 0.0568851
6.20406e-05 80 28 8.97933e-05 936.716 919.724 0.0580246
6.32814e-05 80 28 9.26494e-05 936.761 919.634 0.0591869
6.4547e-05 80 28 9.57102e-05 936.809 919.541 0.0603725
6.58379e-05 80 28 9.89803e-05 936.859 919.443 0.0615819
6.71547e-05 80 28 0.000102466 936.912 919.341 0.0628156
6.84978e-05 80 28 0.000105634 936.959 919.249 0.064074
6.98678e-05 80 28 0.00010653 936.972 919.22 0.0653576
7.12651e-05 80 28 0.000108234 936.996 919.17 0.0666669
7.26904e-05 80 28 0.000110425 937.026 919.109 0.0680024
7.41442e-05 80 28 0.000112991 937.061 919.039 0.0693647
7.56271e-05 80 28 0.000115883 937.1 918.962 0.0707543
7.71396e-05 80 28 0.000119079 937.142 918.88 0.0721717
7.86824e-05 80 28 0.000122565 937.186 918.791 0.0736175
8.02561e-05 80 28 0.00012634 937.234 918.698 0.0750924
8.18612e-05 124 42 0.000122156 937.182 918.739 0.0765967
8.34984e-05 124 42 0.000125985 937.228 918.642 0.0781311
8.51684e-05 124 42 0.000130102 937.277 918.54 0.0796963
8.68718e-05 124 42 0.000134512 937.328 918.433 0.0812928
8.86092e-05 124 42 0.000139223 937.382 918.322 0.0829214
9.03814e-05 124 42 0.000141616 937.409 918.262 0.0845827
9.2189e-05 124 42 0.000143701 937.431 918.211 0.0862772
9.40328e-05 124 42 0.000146608 937.463 918.143 0.0880056
9.59135e-05 124 42 0.000150072 937.499 918.065 0.0897687
9.78317e-05 124 42 0.000153998 937.54 917.979 0.0915671
9.97884e-05 124 42 0.000158341 937.584 917.886 0.0934016
0.000101784 124 42 0.000163081 937.631 917.787 0.0952728
0.00010382 124 42 0.000168213 937.68 917.682 0.0971816
0.000105896 124 42 0.000173736 937.733 917.572 0.0991286
0.000108014 124 42 0.000179655 937.788 917.457 0.101115
0.000110174 124 42 0.000183967 937.828 917.372 0.103141
0.000112378 124 42 0.00018661 937.852 917.318 0.105207
0.000114625 124 42 0.000190498 937.886 917.244 0.107315
0.000116918 124 42 0.000195144 937.926 917.158 0.109465
0.000119256 124 42 0.000200398 937.971 917.064 0.111659
0.000121641 124 42 0.000206198 938.019 916.962 0.113896
0.000124074 122 40 0.000202786 937.991 917.032 0.116178
0.000126556 122 40 0.000208783 938.039 916.926 0.118505
0.000129087 122 40 0.000215295 938.09 916.814 0.12088
0.000131669 122 40 0.000222316 938.144 916.696 0.123302
0.000134302 122 40 0.000229849 938.2 916.573 0.125772
0.000136988 122 40 0.000233729 938.229 916.506 0.128292
0.000139728 122 40 0.000238096 938.261 916.434 0.130863
0.000142522 122 40 0.00024369 938.3 916.345 0.133485
0.000145373 122 40 0.000250131 938.345 916.246 0.13616
0.00014828 122 40 0.000257293 938.394 916.138 0.138888
0.000151246 122 40 0.000265122 938.446 916.023 0.141671
0.000154271 124 40 0.000266591 938.455 916.002 0.14451
0.000157356 124 40 0.000275183 938.511 915.878 0.147405
0.000160503 124 40 0.000284419 938.569 915.748 0.150359
0.000163713 124 40 0.000288836 938.596 915.683 0.153372
0.000166988 124 40 0.000294813 938.632 915.599 0.156445
0.000170327 124 40 0.000302159 938.676 915.499 0.15958
0.000173734 120 38 0.000303251 938.682 915.496 0.162778
0.000177209 120 38 0.000311663 938.73 915.385 0.166039
0.000180753 120 38 0.000320934 938.782 915.265 0.169367
0.000184368 122 38 0.000322545 938.79 915.244 0.17276
0.000188055 122 38 0.000332757 938.845 915.115 0.176222
0.000191816 122 38 0.000343764 938.903 914.979 0.179753
0.000195653 122 38 0.000349659 938.934 914.903 0.183355
0.000199566 122 38 0.000357158 938.972 914.811 0.187029
0.000203557 122 38 0.000366299 939.017 914.703 0.190777
0.000207628 122 38 0.000376621 939.067 914.584 0.1946
0.000211781 122 38 0.000387977 939.121 914.456 0.1985
0.000216016 122 38 0.000400309 939.179 914.32 0.202478
0.000220337 122 38 0.000412163 939.233 914.191 0.206535
0.000224743 122 38 0.000419049 939.264 914.114 0.210674
0.000229238 122 38 0.000429127 939.309 914.008 0.214896
0.000233823 124 38 0.000431115 939.317 913.987 0.219203
0.000238499 124 38 0.000443062 939.368 913.864 0.223596
0.000243269 124 38 0.000456279 939.422 913.731 0.228077
0.000248135 124 38 0.000470669 939.481 913.59 0.232647
0.000253098 126 38 0.000473562 939.493 913.562 0.23731
0.00025816 126 38 0.000484908 939.537 913.45 0.242066
0.000263323 126 38 0.000494899 939.576 913.353 0.246917
