1e-07 56 26 -9.90311e-10 930.373 929.86 9.30383e-05
1.02e-07 56 26 -1.01604e-09 930.372 929.86 9.4899e-05
1.0404e-07 56 26 -1.04241e-09 930.372 929.859 9.6797e-05
1.06121e-07 56 26 -1.06943e-09 930.372 929.859 9.87329e-05
1.08243e-07 56 26 -1.09713e-09 930.372 929.859 0.000100708
1.10408e-07 56 26 -1.12551e-09 930.371 929.859 0.000102722
1.12616e-07 56 26 -1.15459e-09 930.371 929.858 0.000104776
1.14869e-07 56 26 -1.18439e-09 930.371 929.858 0.000106872
1.17166e-07 56 26 -1.21491e-09 930.371 929.858 0.000109009
1.19509e-07 56 26 -1.24619e-09 930.37 929.857 0.000111189
1.21899e-07 56 26 -1.27822e-09 930.37 929.857 0.000113413
1.24337e-07 56 26 -1.31103e-09 930.37 929.857 0.000115681
1.26824e-07 56 26 -1.34464e-09 930.37 929.857 0.000117995
1.29361e-07 56 26 -1.37906e-09 930.369 929.856 0.000120355
1.31948e-07 56 26 -1.4143e-09 930.369 929.856 0.000122762
1.34587e-07 56 26 -1.45038e-09 930.369 929.856 0.000125217
1.37279e-07 56 26 -1.48733e-09 930.368 929.855 0.000127721
1.40024e-07 56 26 -1.52515e-09 930.368 929.855 0.000130276
1.42825e-07 56 26 -1.56386e-09 930.368 929.855 0.000132881
1.45681e-07 56 26 -1.60347e-09 930.368 929.854 0.000135539
1.48595e-07 56 26 -1.64402e-09 930.367 929.854 0.000138249
1.51567e-07 56 26 -1.6855e-09 930.367 929.854 0.000141014
1.54598e-07 56 26 -1.72795e-09 930.367 929.853 0.000143835
1.5769e-07 56 26 -1.77137e-09 930.366 929.853 0.000146711
1.60844e-07 56 26 -1.81577e-09 930.366 929.853 0.000149645
1.64061e-07 56 26 -1.86119e-09 930.366 929.852 0.000152638
1.67342e-07 56 26 -1.90763e-09 930.366 929.852 0.000155691
1.70689e-07 56 26 -1.9551e-09 930.365 929.852 0.000158805
1.74102e-07 56 26 -2.00363e-09 930.365 929.851 0.000161981
1.77584e-07 56 26 -2.05323e-09 930.365 929.851 0.00016522
1.81136e-07 56 26 -2.10391e-09 930.364 929.85 0.000168525
1.84759e-07 56 26 -2.15569e-09 930.364 929.85 0.000171895
1.88454e-07 56 26 -2.20858e-09 930.364 929.85 0.000175333
1.92223e-07 56 26 -2.26259e-09 930.364 929.849 0.00017884
1.96068e-07 56 26 -2.31775e-09 930.363 929.849 0.000182416
1.99989e-07 56 26 -2.37405e-09 930.363 929.849 0.000186065
2.03989e-07 56 26 -2.43151e-09 930.363 929.848 0.000189786
2.08069e-07 56 26 -2.49013e-09 930.362 929.848 0.000193582
2.1223e-07 56 26 -2.54994e-09 930.362 929.847 0.000197453
2.16474e-07 56 26 -2.61093e-09 930.362 929.847 0.000201402
2.20804e-07 56 26 -2.67312e-09 930.362 929.847 0.00020543
2.2522e-07 56 26 -2.73651e-09 930.361 929.846 0.000209539
2.29724e-07 56 26 -2.8011e-09 930.361 929.846 0.000213729
2.34319e-07 56 26 -2.86689e-09 930.361 929.845 0.000218004
2.39005e-07 56 26 -2.93388e-09 930.36 929.845 0.000222364
2.43785e-07 56 26 -3.00208e-09 930.36 929.844 0.000226811
2.48661e-07 56 26 -3.07149e-09 930.36 929.844 0.000231347
2.53634e-07 56 26 -3.14208e-09 930.36 929.844 0.000235974
2.58707e-07 56 26 -3.21387e-09 930.359 929.843 0.000240694
2.63881e-07 56 26 -3.28682e-09 930.359 929.843 0.000245508
2.69159e-07 56 26 -3.36094e-09 930.359 929.842 0.000250418
2.74542e-07 56 26 -3.43621e-09 930.358 929.842 0.000255426
2.80033e-07 56 26 -3.51261e-09 930.358 929.841 0.000260534
2.85633e-07 56 26 -3.59011e-09 930.358 929.841 0.000265745
2.91346e-07 56 26 -3.66868e-09 930.358 929.84 0.00027106
2.97173e-07 56 26 -3.7483e-09 930.357 929.84 0.000276481
3.03117e-07 56 26 -3.82894e-09 930.357 929.839 0.00028201
3.09179e-07 56 26 -3.91053e-09 930.357 929.839 0.000287651
3.15362e-07 56 26 -3.99306e-09 930.356 929.838 0.000293403
3.2167e-07 56 26 -4.07646e-09 930.356 929.838 0.000299271
3.28103e-07 56 26 -4.16067e-09 930.356 929.837 0.000305257
3.34665e-07 56 26 -4.24564e-09 930.356 929.836 0.000311362
3.41358e-07 56 26 -4.3313e-09 930.355 929.836 0.000317589
3.48186e-07 56 26 -4.41756e-09 930.355 929.835 0.000323941
3.55149e-07 56 26 -4.50435e-09 930.355 929.835 0.000330419
3.62252e-07 56 26 -4.59157e-09 930.355 929.834 0.000337028
3.69497e-07 56 26 -4.67911e-09 930.354 929.834 0.000343768
3.76887e-07 56 26 -4.76688e-09 930.354 929.833 0.000350643
3.84425e-07 56 26 -4.85475e-09 930.354 929.832 0.000357656
3.92114e-07 56 26 -4.94259e-09 930.354 929.832 0.000364809
3.99956e-07 56 26 -5.03025e-09 930.354 929.831 0.000372105
4.07955e-07 56 26 -5.11759e-09 930.353 929.83 0.000379547
4.16114e-07 56 26 -5.20443e-09 930.353 929.83 0.000387138
4.24436e-07 56 26 -5.2906e-09 930.353 929.829 0.000394881
4.32925e-07 56 26 -5.3759e-09 930.353 929.828 0.000402778
4.41584e-07 56 26 -5.46011e-09 930.352 929.828 0.000410834
4.50415e-07 56 26 -5.54303e-09 930.352 929.827 0.00041905
4.59424e-07 56 26 -5.62439e-09 930.352 929.826 0.000427431
4.68612e-07 56 26 -5.70393e-09 930.352 929.825 0.00043598
4.77984e-07 56 26 -5.78137e-09 930.352 929.825 0.000444699
4.87544e-07 56 26 -5.85643e-09 930.352 929.824 0.000453593
4.97295e-07 56 26 -5.92875e-09 930.351 929.823 0.000462665
5.07241e-07 56 26 -5.998e-09 930.351 929.822 0.000471918
5.17386e-07 56 26 -6.0638e-09 930.351 929.821 0.000481356
5.27733e-07 56 26 -6.12576e-09 930.351 929.82 0.000490983
5.38288e-07 56 26 -6.18342e-09 930.351 929.82 0.000500803
5.49054e-07 56 26 -6.23637e-09 930.351 929.819 0.000510819
5.60035e-07 56 26 -6.28408e-09 930.351 929.818 0.000521035
5.71235e-07 56 26 -6.32606e-09 930.351 929.817 0.000531456
5.8266e-07 56 26 -6.36173e-09 930.351 929.816 0.000542085
5.94313e-07 56 26 -6.3905e-09 930.351 929.815 0.000552926
6.062e-07 56 26 -6.41175e-09 930.351 929.814 0.000563985
6.18324e-07 56 26 -6.42479e-09 930.351 929.813 0.000575264
6.3069e-07 56 26 -6.42889e-09 930.351 929.812 0.000586769
6.43304e-07 56 26 -6.4233e-09 930.351 929.811 0.000598504
6.5617e-07 56 26 -6.40724e-09 930.351 929.81 0.000610474
6.69293e-07 56 26 -6.37976e-09 930.351 929.808 0.000622684
6.82679e-07 56 26 -6.34003e-09 930.351 929.807 0.000635137
6.96333e-07 56 26 -6.28701e-09 930.351 929.806 0.00064784
7.10259e-07 56 26 -6.21969e-09 930.351 929.805 0.000660797
7.24465e-07 56 26 -6.13697e-09 930.351 929.804 0.000674012
7.38954e-07 56 26 -6.0377e-09 930.351 929.802 0.000687493
7.53733e-07 56 26 -5.92058e-09 930.351 929.801 0.000701242
7.68808e-07 56 26 -5.78432e-09 930.351 929.8 0.000715267
7.84184e-07 56 26 -5.62759e-09 930.352 929.798 0.000729572
7.99867e-07 56 26 -5.44881e-09 930.352 929.797 0.000744164
8.15865e-07 56 26 -5.24654e-09 930.352 929.796 0.000759047
8.32182e-07 56 26 -5.01901e-09 930.352 929.794 0.000774228
8.48826e-07 56 26 -4.76456e-09 930.353 929.793 0.000789712
8.65802e-07 56 26 -4.48131e-09 930.353 929.791 0.000805506
8.83118e-07 56 26 -4.16735e-09 930.353 929.789 0.000821616
9.00781e-07 56 26 -3.82054e-09 930.354 929.788 0.000838048
9.18796e-07 56 26 -3.43875e-09 930.354 929.786 0.000854809
9.37172e-07 56 26 -3.0197e-09 930.355 929.784 0.000871905
9.55916e-07 56 26 -2.56092e-09 930.355 929.783 0.000889344
9.75034e-07 56 26 -2.05989e-09 930.356 929.781 0.00090713
9.94535e-07 56 26 -1.51392e-09 930.356 929.779 0.000925273
1.01443e-06 56 26 -9.20157e-10 930.357 929.777 0.000943778
1.03471e-06 56 26 -2.75607e-10 930.357 929.775 0.000962654
1.05541e-06 56 26 4.22921e-10 930.358 929.773 0.000981907
1.07652e-06 56 26 1.17872e-09 930.359 929.771 0.00100155
1.09805e-06 56 26 1.99524e-09 930.359 929.769 0.00102158
1.12001e-06 56 26 2.87621e-09 930.36 929.767 0.00104201
1.14241e-06 56 26 3.82545e-09 930.361 929.764 0.00106285
1.16526e-06 56 26 4.84703e-09 930.362 929.762 0.0010841
1.18856e-06 56 26 5.91129e-09 930.363 929.76 0.00110579
1.21233e-06 56 26 7.08935e-09 930.364 929.757 0.0011279
1.23658e-06 56 26 8.35326e-09 930.365 929.755 0.00115046
1.26131e-06 56 26 9.70795e-09 930.366 929.752 0.00117347
1.28654e-06 56 26 1.11584e-08 930.367 929.75 0.00119694
1.31227e-06 56 26 1.27102e-08 930.368 929.747 0.00122088
1.33851e-06 56 26 1.4369e-08 930.369 929.744 0.0012453
1.36528e-06 56 26 1.61409e-08 930.371 929.741 0.0012702
1.39259e-06 56 26 1.8032e-08 930.372 929.738 0.00129561
1.42044e-06 56 26 2.00489e-08 930.374 929.735 0.00132152
1.44885e-06 56 26 2.21985e-08 930.375 929.732 0.00134795
1.47783e-06 56 26 2.44879e-08 930.377 929.729 0.00137491
1.50738e-06 56 26 2.69247e-08 930.378 929.725 0.00140241
1.53753e-06 56 26 2.95167e-08 930.38 929.722 0.00143046
1.56828e-06 56 26 3.22721e-08 930.382 929.719 0.00145907
1.59965e-06 56 26 3.51997e-08 930.384 929.715 0.00148825
1.63164e-06 56 26 3.83083e-08 930.386 929.711 0.00151802
1.66427e-06 56 26 4.16072e-08 930.388 929.708 0.00154838
1.69756e-06 56 26 4.51066e-08 930.39 929.704 0.00157935
1.73151e-06 56 26 4.88163e-08 930.392 929.7 0.00161093
1.76614e-06 56 26 5.27473e-08 930.394 929.696 0.00164315
1.80146e-06 56 26 5.69106e-08 930.396 929.691 0.00167602
1.83749e-06 56 26 6.1318e-08 930.399 929.687 0.00170954
1.87424e-06 56 26 6.59816e-08 930.401 929.683 0.00174373
1.91173e-06 56 26 7.0914e-08 930.404 929.678 0.00177861
1.94996e-06 56 26 7.61285e-08 930.407 929.674 0.00181418
1.98896e-06 56 26 8.16387e-08 930.409 929.669 0.00185047
2.02874e-06 56 26 8.74593e-08 930.412 929.664 0.00188748
2.06931e-06 56 26 9.36052e-08 930.415 929.659 0.00192523
2.1107e-06 56 26 1.00092e-07 930.418 929.654 0.00196373
2.15291e-06 56 26 1.06936e-07 930.422 929.648 0.00200301
2.19597e-06 56 26 1.14154e-07 930.425 929.643 0.00204307
2.23989e-06 56 26 1.21764e-07 930.428 929.637 0.00208394
2.28469e-06 56 26 1.29784e-07 930.432 929.632 0.00212562
2.33038e-06 56 26 1.38233e-07 930.436 929.626 0.00216813
2.37699e-06 56 26 1.47132e-07 930.439 929.62 0.0022115
2.42453e-06 56 26 1.565e-07 930.443 929.614 0.00225573
2.47302e-06 56 26 1.66361e-07 930.447 929.607 0.00230085
2.52248e-06 56 26 1.76736e-07 930.451 929.601 0.00234687
2.57293e-06 56 26 1.87648e-07 930.456 929.594 0.00239381
2.62439e-06 56 26 1.99122e-07 930.46 929.587 0.00244169
2.67688e-06 62 28 1.90493e-07 930.457 929.589 0.00249053
2.73042e-06 62 28 2.02211e-07 930.461 929.582 0.00254034
2.78502e-06 62 28 2.14529e-07 930.466 929.574 0.00259115
2.84072e-06 62 28 2.27475e-07 930.47 929.567 0.00264298
2.89754e-06 62 28 2.41076e-07 930.475 929.559 0.00269585
2.95549e-06 62 28 2.55363e-07 930.48 929.552 0.00274977
3.0146e-06 62 28 2.70364e-07 930.485 929.544 0.00280477
3.07489e-06 62 28 2.86112e-07 930.49 929.535 0.00286087
3.13639e-06 62 28 3.02639e-07 930.495 929.527 0.00291809
3.19912e-06 62 28 3.19981e-07 930.501 929.519 0.00297646
3.2631e-06 62 28 3.38173e-07 930.507 929.51 0.003036
3.32836e-06 62 28 3.57251e-07 930.512 929.501 0.00309672
3.39493e-06 62 28 3.77255e-07 930.518 929.492 0.00315867
3.46283e-06 62 28 3.98224e-07 930.524 929.482 0.00322185
3.53208e-06 62 28 4.202e-07 930.531 929.473 0.00328629
3.60272e-06 62 28 4.43228e-07 930.537 929.463 0.00335203
3.67478e-06 62 28 4.67351e-07 930.544 929.453 0.00341908
3.74827e-06 62 28 4.92617e-07 930.551 929.443 0.00348747
3.82324e-06 62 28 5.19076e-07 930.558 929.432 0.00355723
3.89971e-06 62 28 5.46778e-07 930.565 929.421 0.00362838
3.9777e-06 62 28 5.75775e-07 930.572 929.41 0.00370096
4.05725e-06 62 28 6.06125e-07 930.58 929.399 0.00377499
4.1384e-06 62 28 6.37882e-07 930.587 929.388 0.0038505
4.22117e-06 62 28 6.71109e-07 930.595 929.376 0.00392753
4.30559e-06 62 28 7.05865e-07 930.604 929.364 0.00400609
4.3917e-06 62 28 7.42217e-07 930.612 929.352 0.00408623
4.47954e-06 62 28 7.80231e-07 930.621 929.339 0.00416797
4.56913e-06 62 28 8.19978e-07 930.629 929.326 0.00425134
4.66051e-06 62 28 8.6153e-07 930.638 929.313 0.00433639
4.75372e-06 62 28 9.04963e-07 930.648 929.3 0.00442313
4.84879e-06 62 28 9.50356e-07 930.657 929.286 0.00451161
4.94577e-06 62 28 9.97791e-07 930.667 929.272 0.00460186
5.04468e-06 62 28 1.04735e-06 930.677 929.258 0.00469392
5.14558e-06 62 28 1.09913e-06 930.687 929.244 0.00478782
5.24849e-06 62 28 1.15322e-06 930.697 929.229 0.0048836
5.35346e-06 62 28 1.20971e-06 930.708 929.214 0.0049813
5.46053e-06 62 28 1.26871e-06 930.719 929.198 0.00508095
5.56974e-06 62 28 1.33031e-06 930.73 929.182 0.00518259
5.68113e-06 62 28 1.39464e-06 930.741 929.166 0.00528627
5.79476e-06 62 28 1.46179e-06 930.753 929.15 0.00539203
5.91065e-06 62 28 1.53189e-06 930.765 929.133 0.0054999
6.02886e-06 62 28 1.60507e-06 930.777 929.115 0.00560993
6.14944e-06 62 28 1.68144e-06 930.79 929.098 0.00572216
6.27243e-06 62 28 1.76114e-06 930.803 929.08 0.00583663
6.39788e-06 62 28 1.8443e-06 930.816 929.062 0.0059534
6.52584e-06 62 28 1.93108e-06 930.829 929.043 0.00607251
6.65635e-06 62 28 2.02162e-06 930.843 929.024 0.006194
6.78948e-06 62 28 2.11607e-06 930.857 929.004 0.00631792
6.92527e-06 62 28 2.2146e-06 930.871 928.984 0.00644432
7.06378e-06 62 28 2.31737e-06 930.886 928.964 0.00657325
7.20505e-06 62 28 2.42456e-06 930.901 928.943 0.00670477
7.34915e-06 62 28 2.53636e-06 930.916 928.922 0.00683891
7.49614e-06 62 28 2.65294e-06 930.932 928.901 0.00697574
7.64606e-06 62 28 2.77451e-06 930.948 928.879 0.00711531
7.79898e-06 62 28 2.90128e-06 930.965 928.856 0.00725767
7.95496e-06 62 28 3.03345e-06 930.981 928.833 0.00740289
8.11406e-06 62 28 3.17126e-06 930.999 928.81 0.00755101
8.27634e-06 62 28 3.31492e-06 931.016 928.786 0.00770209
8.44187e-06 62 28 3.46468e-06 931.034 928.762 0.0078562
8.6107e-06 62 28 3.6208e-06 931.052 928.737 0.00801339
8.78292e-06 62 28 3.78353e-06 931.071 928.711 0.00817374
8.95858e-06 62 28 3.95314e-06 931.09 928.685 0.00833729
9.13775e-06 62 28 4.12992e-06 931.11 928.659 0.00850412
9.3205e-06 62 28 4.31416e-06 931.13 928.632 0.00867428
9.50691e-06 62 28 4.50616e-06 931.15 928.605 0.00884786
9.69705e-06 62 28 4.70625e-06 931.171 928.577 0.00902491
9.89099e-06 62 28 4.91476e-06 931.192 928.548 0.0092055
1.00888e-05 62 28 5.13202e-06 931.214 928.519 0.00938971
1.02906e-05 62 28 5.3584e-06 931.236 928.489 0.00957761
1.04964e-05 62 28 5.59428e-06 931.259 928.459 0.00976927
1.07063e-05 62 28 5.84003e-06 931.282 928.428 0.00996477
1.09205e-05 62 28 6.09607e-06 931.306 928.396 0.0101642
1.11389e-05 62 28 6.36282e-06 931.33 928.364 0.0103676
1.13616e-05 64 28 6.20055e-06 931.315 928.383 0.0105751
1.15889e-05 64 28 6.47166e-06 931.339 928.35 0.0107867
1.18207e-05 64 28 6.7541e-06 931.363 928.316 0.0110026
1.20571e-05 64 28 7.04832e-06 931.388 928.282 0.0112228
1.22982e-05 64 28 7.3548e-06 931.413 928.246 0.0114474
1.25442e-05 64 28 7.67406e-06 931.439 928.21 0.0116764
1.27951e-05 64 28 8.0066e-06 931.465 928.174 0.0119101
1.3051e-05 64 28 8.35298e-06 931.492 928.136 0.0121485
1.3312e-05 64 28 8.71375e-06 931.519 928.098 0.0123916
1.35782e-05 64 28 9.08952e-06 931.547 928.059 0.0126397
1.38498e-05 64 28 9.48088e-06 931.575 928.019 0.0128926
1.41268e-05 64 28 9.88848e-06 931.605 927.979 0.0131507
1.44093e-05 64 28 1.0313e-05 931.634 927.937 0.0134139
1.46975e-05 64 28 1.07551e-05 931.665 927.895 0.0136824
1.49914e-05 64 28 1.12154e-05 931.696 927.852 0.0139562
1.52913e-05 64 28 1.16949e-05 931.727 927.808 0.0142356
1.55971e-05 64 28 1.21942e-05 931.76 927.764 0.0145206
1.5909e-05 64 28 1.27141e-05 931.793 927.718 0.0148112
1.62272e-05 64 28 1.32555e-05 931.826 927.671 0.0151077
1.65518e-05 64 28 1.38192e-05 931.861 927.624 0.0154101
1.68828e-05 64 28 1.44062e-05 931.896 927.576 0.0157186
1.72205e-05 86 36 1.35243e-05 931.844 927.626 0.0160333
1.75649e-05 86 36 1.41015e-05 931.877 927.576 0.0163542
1.79162e-05 86 36 1.47026e-05 931.911 927.525 0.0166816
1.82745e-05 86 36 1.53286e-05 931.946 927.473 0.0170155
1.864e-05 86 36 1.59804e-05 931.981 927.42 0.0173561
1.90128e-05 86 36 1.66591e-05 932.017 927.366 0.0177036
1.9393e-05 86 36 1.73659e-05 932.054 927.311 0.018058
1.97809e-05 86 36 1.81018e-05 932.091 927.255 0.0184195
2.01765e-05 86 36 1.88681e-05 932.13 927.198 0.0187883
2.058e-05 86 36 1.9666e-05 932.169 927.139 0.0191644
2.09916e-05 86 36 2.04968e-05 932.209 927.08 0.0195481
2.14115e-05 86 36 2.13618e-05 932.25 927.019 0.0199395
2.18397e-05 86 36 2.22624e-05 932.291 926.957 0.0203387
2.22765e-05 86 36 2.32001e-05 932.334 926.894 0.0207459
2.2722e-05 86 36 2.41763e-05 932.377 926.829 0.0211613
2.31765e-05 86 36 2.51928e-05 932.422 926.763 0.021585
2.364e-05 84 34 2.45365e-05 932.394 926.813 0.0220172
2.41128e-05 84 34 2.55669e-05 932.437 926.745 0.0224581
2.45951e-05 84 34 2.66397e-05 932.481 926.676 0.0229078
2.5087e-05 84 34 2.77565e-05 932.526 926.606 0.0233665
2.55887e-05 84 34 2.89192e-05 932.572 926.534 0.0238344
2.61005e-05 84 34 3.01296e-05 932.618 926.461 0.0243116
2.66225e-05 84 34 3.13898e-05 932.666 926.387 0.0247985
2.71549e-05 84 34 3.27016e-05 932.715 926.311 0.0252951
2.7698e-05 84 34 3.40672e-05 932.765 926.233 0.0258017
2.8252e-05 84 34 3.54888e-05 932.816 926.154 0.0263184
2.8817e-05 84 34 3.69687e-05 932.868 926.074 0.0268455
2.93934e-05 84 34 3.85092e-05 932.92 925.991 0.0273832
2.99812e-05 84 34 4.01129e-05 932.974 925.908 0.0279316
3.05809e-05 84 34 4.17822e-05 933.03 925.822 0.0284911
3.11925e-05 84 34 4.35199e-05 933.086 925.735 0.0290617
3.18163e-05 84 34 4.53288e-05 933.143 925.646 0.0296439
3.24526e-05 84 34 4.72117e-05 933.202 925.555 0.0302377
3.31017e-05 84 34 4.91716e-05 933.262 925.463 0.0308434
3.37637e-05 84 34 5.12117e-05 933.323 925.369 0.0314612
3.4439e-05 84 34 5.33352e-05 933.385 925.272 0.0320915
3.51278e-05 84 34 5.55456e-05 933.449 925.174 0.0327344
3.58303e-05 84 34 5.78463e-05 933.513 925.074 0.0333903
3.6547e-05 84 34 6.02411e-05 933.58 924.972 0.0340592
3.72779e-05 84 34 6.27338e-05 933.647 924.868 0.0347417
3.80235e-05 84 34 6.53283e-05 933.716 924.762 0.0354378
3.87839e-05 84 34 6.80287e-05 933.786 924.654 0.0361479
3.95596e-05 82 32 6.58523e-05 933.732 924.751 0.0368722
4.03508e-05 82 32 6.85726e-05 933.8 924.64 0.037611
4.11578e-05 82 32 7.14039e-05 933.869 924.527 0.0383646
4.1981e-05 82 32 7.43509e-05 933.94 924.411 0.0391334
4.28206e-05 82 32 7.74181e-05 934.013 924.293 0.0399175
4.3677e-05 82 32 8.06104e-05 934.086 924.173 0.0407175
4.45505e-05 82 32 8.3933e-05 934.162 924.051 0.0415335
4.54415e-05 82 32 8.73911e-05 934.239 923.926 0.0423659
4.63504e-05 82 32 9.09903e-05 934.317 923.799 0.043215
4.72774e-05 82 32 9.47362e-05 934.397 923.669 0.0440811
4.82229e-05 82 32 9.86348e-05 934.479 923.536 0.0449647
4.91874e-05 82 32 0.000102692 934.562 923.401 0.045866
5.01711e-05 82 32 0.000106915 934.647 923.264 0.0467854
5.11746e-05 82 32 0.00011131 934.734 923.123 0.0477233
5.2198e-05 82 32 0.000115884 934.822 922.98 0.04868
5.3242e-05 80 30 0.000111416 934.739 923.131 0.049656
5.43069e-05 80 30 0.000115992 934.824 922.985 0.0506514
5.5393e-05 80 30 0.000120755 934.911 922.835 0.0516668
5.65008e-05 80 30 0.000125711 935 922.683 0.0527026
5.76309e-05 80 30 0.00013087 935.09 922.527 0.0537592
5.87835e-05 80 30 0.000136238 935.182 922.369 0.054837
5.99592e-05 80 30 0.000141825 935.276 922.207 0.0559366
6.11583e-05 80 30 0.000147639 935.372 922.042 0.0570582
6.23815e-05 80 30 0.00015369 935.47 921.873 0.0582024
6.36291e-05 80 30 0.000159987 935.57 921.702 0.0593695
6.49017e-05 80 30 0.00016654 935.672 921.527 0.0605602
6.61997e-05 80 30 0.00017336 935.776 921.348 0.0617748
6.75237e-05 80 30 0.000180457 935.882 921.166 0.0630138
6.88742e-05 80 30 0.000187843 935.991 920.981 0.0642778
7.02517e-05 78 28 0.000179199 935.865 921.208 0.0655669
7.16567e-05 78 28 0.000186531 935.968 921.019 0.0668819
7.30899e-05 78 28 0.000194161 936.074 920.826 0.0682233
7.45517e-05 78 28 0.0002021 936.181 920.629 0.0695918
7.60427e-05 78 28 0.000210363 936.291 920.428 0.0709877
7.75636e-05 78 28 0.000218962 936.403 920.223 0.0724118
7.91148e-05 78 28 0.00022791 936.517 920.014 0.0738645
8.06971e-05 78 28 0.000237221 936.634 919.8 0.0753464
8.23111e-05 78 28 0.000246912 936.753 919.583 0.0768582
8.39573e-05 80 28 0.000244173 936.719 919.643 0.0784002
8.56364e-05 80 28 0.000254146 936.836 919.42 0.0799732
8.73492e-05 80 28 0.000264524 936.956 919.192 0.0815778
8.90961e-05 80 28 0.000275323 937.079 918.959 0.0832148
9.08781e-05 80 28 0.000286561 937.203 918.722 0.0848847
9.26956e-05 124 42 0.000277162 937.1 918.856 0.0865879
9.45495e-05 124 42 0.000288502 937.221 918.613 0.0883253
9.64405e-05 124 42 0.000300303 937.344 918.365 0.0900977
9.83693e-05 124 42 0.000312585 937.471 918.111 0.0919058
0.000100337 124 42 0.000325366 937.599 917.853 0.0937503
0.000102343 124 42 0.000338667 937.73 917.59 0.0956319
0.00010439 124 42 0.000352508 937.864 917.321 0.0975515
0.000106478 124 42 0.000366913 938.001 917.047 0.0995097
0.000108608 122 40 0.000357904 937.918 917.229 0.101507
0.00011078 122 40 0.000372524 938.051 916.949 0.103545
0.000112995 122 40 0.000387738 938.187 916.663 0.105623
0.000115255 122 40 0.00040357 938.326 916.372 0.107744
0.00011756 122 40 0.000420046 938.468 916.074 0.109907
0.000119912 124 40 0.000423062 938.492 916.02 0.112113
0.00012231 124 40 0.000437813 938.614 915.756 0.114364
0.000124756 124 40 0.000437581 938.613 915.753 0.11666
0.000127251 124 40 0.000437439 938.611 915.748 0.119002
0.000129796 124 40 0.000437393 938.611 915.741 0.121391
0.000132392 124 40 0.000437453 938.611 915.733 0.123827
0.00013504 124 40 0.000437627 938.613 915.723 0.126313
0.000137741 124 40 0.000437925 938.615 915.711 0.128848
0.000140496 124 40 0.000438357 938.618 915.696 0.131433
0.000143306 124 40 0.000438933 938.622 915.68 0.134071
0.000146172 124 40 0.000439664 938.627 915.662 0.136761
0.000149095 124 40 0.000440562 938.633 915.641 0.139505
0.000152077 124 40 0.000441639 938.64 915.619 0.142304
0.000155119 124 40 0.000442909 938.649 915.594 0.145159
0.000158221 124 40 0.000444384 938.658 915.566 0.148071
0.000161385 124 40 0.000446079 938.669 915.536 0.151041
0.000164613 124 40 0.000448009 938.681 915.503 0.154071
0.000167905 120 38 0.000448692 938.685 915.504 0.157161
0.000171263 120 38 0.000450904 938.698 915.468 0.160314
0.000174689 120 38 0.000453385 938.712 915.429 0.163529
0.000178182 120 38 0.000456152 938.728 915.387 0.166809
0.000181746 120 38 0.000459224 938.745 915.343 0.170154
0.000185381 120 38 0.000462619 938.763 915.295 0.173566
0.000189089 122 38 0.000463212 938.766 915.287 0.177047
0.00019287 122 38 0.000467009 938.786 915.235 0.180597
0.000196728 122 38 0.000471174 938.808 915.179 0.184218
0.000200662 122 38 0.000475729 938.831 915.12 0.187912
0.000204676 122 38 0.000480697 938.855 915.058 0.19168
0.000208769 122 38 0.000486102 938.881 914.992 0.195523
0.000212945 122 38 0.000491969 938.909 914.922 0.199444
0.000217203 122 38 0.000498324 938.939 914.849 0.203442
0.000221547 122 38 0.000505196 938.97 914.771 0.207521
0.000225978 122 38 0.000512612 939.003 914.689 0.211682
0.000230498 122 38 0.000520603 939.038 914.603 0.215926
0.000235108 122 38 0.000529199 939.075 914.513 0.220255
0.00023981 122 38 0.000538432 939.114 914.418 0.224671
0.000244606 122 38 0.000548338 939.155 914.319 0.229175
0.000249498 122 38 0.000558951 939.198 914.216 0.233769
0.000254488 122 38 0.000570307 939.243 914.107 0.238456
0.000259578 122 38 0.000582445 939.29 913.994 0.243237
0.00026477 124 38 0.000584701 939.299 913.973 0.248113
0.000270065 124 38 0.000597812 939.348 913.853 0.253087
0.000275466 124 38 0.000611793 939.399 913.728 0.258161
0.000280976 124 38 0.000626688 939.453 913.598 0.263337
0.000286595 124 38 0.000642543 939.509 913.463 0.268616
0.000292327 126 38 0.0006457 939.519 913.436 0.274001
0.000298174 126 38 0.000662759 939.577 913.293 0.279494
