#nb,aa,zz,pres,mun,mup,ener
1e-07 56 26 -1.00261e-09 930.373 929.86 9.30383e-05 4.64286e-08
1.02e-07 56 26 -1.02909e-09 930.372 929.86 9.4899e-05 4.73571e-08
1.0404e-07 56 26 -1.05625e-09 930.372 929.86 9.6797e-05 4.83043e-08
1.06121e-07 56 26 -1.08412e-09 930.372 929.859 9.87329e-05 4.92704e-08
1.08243e-07 56 26 -1.11272e-09 930.371 929.859 0.000100708 5.02558e-08
1.10408e-07 56 26 -1.14205e-09 930.371 929.859 0.000102722 5.12609e-08
1.12616e-07 56 26 -1.17214e-09 930.371 929.859 0.000104776 5.22861e-08
1.14869e-07 56 26 -1.20301e-09 930.371 929.858 0.000106872 5.33318e-08
1.17166e-07 56 26 -1.23467e-09 930.37 929.858 0.000109009 5.43985e-08
1.19509e-07 56 26 -1.26715e-09 930.37 929.858 0.000111189 5.54864e-08
1.21899e-07 56 26 -1.30046e-09 930.37 929.857 0.000113413 5.65962e-08
1.24337e-07 56 26 -1.33463e-09 930.37 929.857 0.000115681 5.77281e-08
1.26824e-07 56 26 -1.36968e-09 930.369 929.857 0.000117995 5.88827e-08
1.29361e-07 56 26 -1.40562e-09 930.369 929.857 0.000120355 6.00603e-08
1.31948e-07 56 26 -1.44249e-09 930.369 929.856 0.000122762 6.12615e-08
1.34587e-07 56 26 -1.48029e-09 930.368 929.856 0.000125217 6.24867e-08
1.37279e-07 56 26 -1.51906e-09 930.368 929.856 0.000127721 6.37365e-08
1.40024e-07 56 26 -1.55881e-09 930.368 929.855 0.000130276 6.50112e-08
1.42825e-07 56 26 -1.59958e-09 930.367 929.855 0.000132881 6.63114e-08
1.45681e-07 56 26 -1.64138e-09 930.367 929.855 0.000135539 6.76377e-08
1.48595e-07 56 26 -1.68423e-09 930.367 929.854 0.000138249 6.89904e-08
1.51567e-07 56 26 -1.72817e-09 930.367 929.854 0.000141014 7.03702e-08
1.54598e-07 56 26 -1.77322e-09 930.366 929.854 0.000143835 7.17776e-08
1.5769e-07 56 26 -1.8194e-09 930.366 929.853 0.000146711 7.32132e-08
1.60844e-07 56 26 -1.86673e-09 930.366 929.853 0.000149645 7.46774e-08
1.64061e-07 56 26 -1.91526e-09 930.365 929.853 0.000152638 7.6171e-08
1.67342e-07 56 26 -1.96499e-09 930.365 929.853 0.000155691 7.76944e-08
1.70689e-07 56 26 -2.01597e-09 930.365 929.852 0.000158805 7.92483e-08
1.74102e-07 56 26 -2.06821e-09 930.364 929.852 0.000161981 8.08333e-08
1.77584e-07 56 26 -2.12174e-09 930.364 929.852 0.00016522 8.24499e-08
1.81136e-07 56 26 -2.1766e-09 930.364 929.851 0.000168525 8.40989e-08
1.84759e-07 56 26 -2.23281e-09 930.364 929.851 0.000171895 8.57809e-08
1.88454e-07 56 26 -2.29041e-09 930.363 929.85 0.000175333 8.74965e-08
1.92223e-07 56 26 -2.34941e-09 930.363 929.85 0.00017884 8.92465e-08
1.96068e-07 56 26 -2.40985e-09 930.363 929.85 0.000182416 9.10314e-08
1.99989e-07 56 26 -2.47176e-09 930.362 929.849 0.000186065 9.2852e-08
2.03989e-07 56 26 -2.53518e-09 930.362 929.849 0.000189786 9.47091e-08
2.08069e-07 56 26 -2.60012e-09 930.362 929.849 0.000193582 9.66032e-08
2.1223e-07 56 26 -2.66663e-09 930.361 929.848 0.000197453 9.85353e-08
2.16474e-07 56 26 -2.73473e-09 930.361 929.848 0.000201402 1.00506e-07
2.20804e-07 56 26 -2.80446e-09 930.361 929.848 0.00020543 1.02516e-07
2.2522e-07 56 26 -2.87584e-09 930.36 929.847 0.000209539 1.04566e-07
2.29724e-07 56 26 -2.94891e-09 930.36 929.847 0.000213729 1.06658e-07
2.34319e-07 56 26 -3.0237e-09 930.36 929.846 0.000218004 1.08791e-07
2.39005e-07 56 26 -3.10025e-09 930.359 929.846 0.000222364 1.10967e-07
2.43785e-07 56 26 -3.17857e-09 930.359 929.846 0.000226811 1.13186e-07
2.48661e-07 56 26 -3.25871e-09 930.359 929.845 0.000231347 1.1545e-07
2.53634e-07 56 26 -3.3407e-09 930.358 929.845 0.000235974 1.17759e-07
2.58707e-07 56 26 -3.42456e-09 930.358 929.844 0.000240694 1.20114e-07
2.63881e-07 56 26 -3.51033e-09 930.358 929.844 0.000245507 1.22516e-07
2.69159e-07 56 26 -3.59805e-09 930.357 929.844 0.000250417 1.24967e-07
2.74542e-07 56 26 -3.68773e-09 930.357 929.843 0.000255426 1.27466e-07
2.80033e-07 56 26 -3.77941e-09 930.357 929.843 0.000260534 1.30015e-07
2.85633e-07 56 26 -3.87312e-09 930.356 929.842 0.000265745 1.32616e-07
2.91346e-07 56 26 -3.96889e-09 930.356 929.842 0.00027106 1.35268e-07
2.97173e-07 56 26 -4.06674e-09 930.356 929.842 0.000276481 1.37973e-07
3.03117e-07 56 26 -4.1667e-09 930.355 929.841 0.00028201 1.40733e-07
3.09179e-07 56 26 -4.2688e-09 930.355 929.841 0.00028765 1.43547e-07
3.15362e-07 56 26 -4.37307e-09 930.355 929.84 0.000293403 1.46418e-07
3.2167e-07 56 26 -4.47952e-09 930.354 929.84 0.000299271 1.49347e-07
3.28103e-07 56 26 -4.58818e-09 930.354 929.839 0.000305257 1.52334e-07
3.34665e-07 56 26 -4.69906e-09 930.354 929.839 0.000311362 1.5538e-07
3.41358e-07 56 26 -4.8122e-09 930.353 929.838 0.000317589 1.58488e-07
3.48186e-07 56 26 -4.92759e-09 930.353 929.838 0.00032394 1.61658e-07
3.55149e-07 56 26 -5.04527e-09 930.353 929.837 0.000330419 1.64891e-07
3.62252e-07 56 26 -5.16523e-09 930.352 929.837 0.000337027 1.68189e-07
3.69497e-07 56 26 -5.28749e-09 930.352 929.836 0.000343768 1.71552e-07
3.76887e-07 56 26 -5.41206e-09 930.352 929.836 0.000350643 1.74983e-07
3.84425e-07 56 26 -5.53893e-09 930.351 929.835 0.000357656 1.78483e-07
3.92114e-07 56 26 -5.66812e-09 930.351 929.835 0.000364809 1.82053e-07
3.99956e-07 56 26 -5.79961e-09 930.351 929.834 0.000372105 1.85694e-07
4.07955e-07 56 26 -5.93339e-09 930.35 929.834 0.000379547 1.89408e-07
4.16114e-07 56 26 -6.06947e-09 930.35 929.833 0.000387138 1.93196e-07
4.24436e-07 56 26 -6.20781e-09 930.35 929.833 0.00039488 1.9706e-07
4.32925e-07 56 26 -6.3484e-09 930.349 929.832 0.000402778 2.01001e-07
4.41584e-07 56 26 -6.4912e-09 930.349 929.832 0.000410833 2.05021e-07
4.50415e-07 56 26 -6.63619e-09 930.349 929.831 0.00041905 2.09121e-07
4.59424e-07 56 26 -6.78334e-09 930.348 929.83 0.000427431 2.13304e-07
4.68612e-07 56 26 -6.93257e-09 930.348 929.83 0.000435979 2.1757e-07
4.77984e-07 56 26 -7.08386e-09 930.348 929.829 0.000444699 2.21921e-07
4.87544e-07 56 26 -7.23712e-09 930.347 929.829 0.000453592 2.2636e-07
4.97295e-07 56 26 -7.39231e-09 930.347 929.828 0.000462664 2.30887e-07
5.07241e-07 56 26 -7.54932e-09 930.347 929.827 0.000471917 2.35505e-07
5.17386e-07 56 26 -7.70809e-09 930.346 929.827 0.000481355 2.40215e-07
5.27733e-07 56 26 -7.86849e-09 930.346 929.826 0.000490982 2.45019e-07
5.38288e-07 56 26 -8.03042e-09 930.346 929.825 0.000500802 2.49919e-07
5.49054e-07 56 26 -8.19377e-09 930.345 929.825 0.000510818 2.54918e-07
5.60035e-07 56 26 -8.35839e-09 930.345 929.824 0.000521034 2.60016e-07
5.71235e-07 56 26 -8.52413e-09 930.345 929.823 0.000531454 2.65216e-07
5.8266e-07 56 26 -8.69083e-09 930.345 929.823 0.000542083 2.70521e-07
5.94313e-07 56 26 -8.85831e-09 930.344 929.822 0.000552925 2.75931e-07
6.062e-07 56 26 -9.02636e-09 930.344 929.821 0.000563983 2.8145e-07
6.18324e-07 56 26 -9.19479e-09 930.344 929.821 0.000575263 2.87079e-07
6.3069e-07 56 26 -9.36334e-09 930.343 929.82 0.000586768 2.9282e-07
6.43304e-07 56 26 -9.53176e-09 930.343 929.819 0.000598503 2.98677e-07
6.5617e-07 56 26 -9.69978e-09 930.343 929.818 0.000610473 3.0465e-07
6.69293e-07 56 26 -9.8671e-09 930.343 929.818 0.000622682 3.10743e-07
6.82679e-07 56 26 -1.00334e-08 930.342 929.817 0.000635135 3.16958e-07
6.96333e-07 56 26 -1.01983e-08 930.342 929.816 0.000647838 3.23297e-07
7.10259e-07 56 26 -1.03615e-08 930.342 929.815 0.000660795 3.29763e-07
7.24465e-07 56 26 -1.05225e-08 930.342 929.814 0.00067401 3.36359e-07
7.38954e-07 56 26 -1.06809e-08 930.342 929.813 0.00068749 3.43086e-07
7.53733e-07 56 26 -1.08362e-08 930.341 929.813 0.00070124 3.49947e-07
7.68808e-07 56 26 -1.09879e-08 930.341 929.812 0.000715264 3.56946e-07
7.84184e-07 56 26 -1.11355e-08 930.341 929.811 0.000729569 3.64085e-07
7.99867e-07 56 26 -1.12784e-08 930.341 929.81 0.000744161 3.71367e-07
8.15865e-07 56 26 -1.14159e-08 930.341 929.809 0.000759044 3.78794e-07
8.32182e-07 56 26 -1.15474e-08 930.34 929.808 0.000774224 3.8637e-07
8.48826e-07 56 26 -1.16722e-08 930.34 929.807 0.000789708 3.94098e-07
8.65802e-07 56 26 -1.17895e-08 930.34 929.806 0.000805502 4.0198e-07
8.83118e-07 56 26 -1.18984e-08 930.34 929.805 0.000821612 4.10019e-07
9.00781e-07 56 26 -1.19981e-08 930.34 929.804 0.000838044 4.1822e-07
9.18796e-07 56 26 -1.20877e-08 930.34 929.803 0.000854805 4.26584e-07
9.37172e-07 56 26 -1.21661e-08 930.34 929.802 0.000871901 4.35116e-07
9.55916e-07 56 26 -1.22323e-08 930.34 929.8 0.000889338 4.43818e-07
9.75034e-07 56 26 -1.22852e-08 930.34 929.799 0.000907125 4.52694e-07
9.94535e-07 56 26 -1.23234e-08 930.34 929.798 0.000925267 4.61748e-07
1.01443e-06 56 26 -1.23458e-08 930.34 929.797 0.000943772 4.70983e-07
1.03471e-06 56 26 -1.2351e-08 930.34 929.796 0.000962648 4.80403e-07
1.05541e-06 56 26 -1.23375e-08 930.34 929.794 0.0009819 4.90011e-07
1.07652e-06 56 26 -1.23037e-08 930.34 929.793 0.00100154 4.99811e-07
1.09805e-06 56 26 -1.2248e-08 930.34 929.792 0.00102157 5.09807e-07
1.12001e-06 56 26 -1.21686e-08 930.34 929.79 0.001042 5.20004e-07
1.14241e-06 56 26 -1.20638e-08 930.34 929.789 0.00106284 5.30404e-07
1.16526e-06 56 26 -1.19314e-08 930.34 929.787 0.0010841 5.41012e-07
1.18856e-06 56 26 -1.17695e-08 930.34 929.786 0.00110578 5.51832e-07
1.21233e-06 56 26 -1.15759e-08 930.34 929.785 0.00112789 5.62869e-07
1.23658e-06 56 26 -1.1348e-08 930.34 929.783 0.00115045 5.74126e-07
1.26131e-06 56 26 -1.10836e-08 930.341 929.781 0.00117346 5.85608e-07
1.28654e-06 56 26 -1.07799e-08 930.341 929.78 0.00119693 5.97321e-07
1.31227e-06 56 26 -1.04342e-08 930.341 929.778 0.00122087 6.09267e-07
1.33851e-06 56 26 -1.00435e-08 930.341 929.776 0.00124528 6.21452e-07
1.36528e-06 56 26 -9.6048e-09 930.342 929.775 0.00127019 6.33881e-07
1.39259e-06 56 26 -9.11468e-09 930.342 929.773 0.00129559 6.46559e-07
1.42044e-06 56 26 -8.56976e-09 930.342 929.771 0.0013215 6.5949e-07
1.44885e-06 56 26 -7.96635e-09 930.343 929.769 0.00134793 6.7268e-07
1.47783e-06 56 26 -7.3006e-09 930.343 929.767 0.00137489 6.86134e-07
1.50738e-06 56 26 -6.56849e-09 930.344 929.765 0.00140239 6.99856e-07
1.53753e-06 56 26 -5.76563e-09 930.344 929.763 0.00143044 7.13853e-07
1.56828e-06 56 26 -4.88752e-09 930.345 929.761 0.00145905 7.2813e-07
1.59965e-06 56 26 -3.92938e-09 930.345 929.759 0.00148823 7.42693e-07
1.63164e-06 56 26 -2.88628e-09 930.346 929.757 0.00151799 7.57547e-07
1.66427e-06 56 26 -1.75285e-09 930.347 929.755 0.00154835 7.72698e-07
1.69756e-06 56 26 -5.23557e-10 930.348 929.752 0.00157932 7.88152e-07
1.73151e-06 56 26 8.07482e-10 930.348 929.75 0.00161091 8.03915e-07
1.76614e-06 56 26 2.21294e-09 930.349 929.748 0.00164312 8.19993e-07
1.80146e-06 56 26 3.76498e-09 930.35 929.745 0.00167599 8.36393e-07
1.83749e-06 56 26 5.43809e-09 930.351 929.742 0.00170951 8.53121e-07
1.87424e-06 56 26 7.23936e-09 930.352 929.74 0.0017437 8.70183e-07
1.91173e-06 56 26 9.1764e-09 930.353 929.737 0.00177857 8.87587e-07
1.94996e-06 56 26 1.12569e-08 930.354 929.734 0.00181414 9.05339e-07
1.98896e-06 56 26 1.34892e-08 930.355 929.731 0.00185043 9.23445e-07
2.02874e-06 56 26 1.5882e-08 930.356 929.729 0.00188743 9.41914e-07
2.06931e-06 56 26 1.8444e-08 930.358 929.726 0.00192518 9.60753e-07
2.1107e-06 56 26 2.11852e-08 930.359 929.722 0.00196369 9.79968e-07
2.15291e-06 56 26 2.41152e-08 930.36 929.719 0.00200296 9.99567e-07
2.19597e-06 56 26 2.72445e-08 930.362 929.716 0.00204302 1.01956e-06
2.23989e-06 56 26 3.05839e-08 930.363 929.713 0.00208388 1.03995e-06
2.28469e-06 56 26 3.4145e-08 930.365 929.709 0.00212556 1.06075e-06
2.33038e-06 56 26 3.79396e-08 930.366 929.706 0.00216807 1.08196e-06
2.37699e-06 56 26 4.19801e-08 930.368 929.702 0.00221143 1.1036e-06
2.42453e-06 56 26 4.62797e-08 930.37 929.698 0.00225566 1.12567e-06
2.47302e-06 56 26 5.0852e-08 930.372 929.694 0.00230078 1.14819e-06
2.52248e-06 56 26 5.57112e-08 930.374 929.691 0.00234679 1.17115e-06
2.57293e-06 56 26 6.08721e-08 930.376 929.687 0.00239373 1.19458e-06
2.62439e-06 56 26 6.63505e-08 930.378 929.682 0.00244161 1.21847e-06
2.67688e-06 56 26 7.21625e-08 930.38 929.678 0.00249044 1.24284e-06
2.73042e-06 56 26 7.8325e-08 930.382 929.674 0.00254025 1.26769e-06
2.78502e-06 56 26 8.48556e-08 930.385 929.669 0.00259106 1.29305e-06
2.84072e-06 56 26 9.1773e-08 930.387 929.665 0.00264288 1.31891e-06
2.89754e-06 56 26 9.90963e-08 930.39 929.66 0.00269574 1.34529e-06
2.95549e-06 56 26 1.06845e-07 930.392 929.655 0.00274966 1.37219e-06
3.0146e-06 56 26 1.15042e-07 930.395 929.65 0.00280465 1.39964e-06
3.07489e-06 56 26 1.23707e-07 930.398 929.645 0.00286075 1.42763e-06
3.13639e-06 56 26 1.32863e-07 930.401 929.64 0.00291797 1.45618e-06
3.19912e-06 56 26 1.42535e-07 930.404 929.635 0.00297633 1.4853e-06
3.2631e-06 56 26 1.52747e-07 930.407 929.629 0.00303586 1.51501e-06
3.32836e-06 56 26 1.63524e-07 930.41 929.624 0.00309658 1.54531e-06
3.39493e-06 56 26 1.74894e-07 930.414 929.618 0.00315851 1.57622e-06
3.46283e-06 56 26 1.86885e-07 930.417 929.612 0.00322169 1.60774e-06
3.53208e-06 56 26 1.99524e-07 930.421 929.606 0.00328612 1.6399e-06
3.60272e-06 56 26 2.12844e-07 930.425 929.6 0.00335185 1.67269e-06
3.67478e-06 56 26 2.26876e-07 930.428 929.593 0.00341889 1.70615e-06
3.74827e-06 56 26 2.41651e-07 930.432 929.587 0.00348727 1.74027e-06
3.82324e-06 56 26 2.57206e-07 930.437 929.58 0.00355703 1.77508e-06
3.89971e-06 56 26 2.73574e-07 930.441 929.573 0.00362817 1.81058e-06
3.9777e-06 62 28 2.60182e-07 930.437 929.574 0.00370074 1.79638e-06
4.05725e-06 62 28 2.76877e-07 930.441 929.567 0.00377476 1.83231e-06
4.1384e-06 62 28 2.94441e-07 930.446 929.56 0.00385026 1.86895e-06
4.22117e-06 62 28 3.12914e-07 930.45 929.552 0.00392727 1.90633e-06
4.30559e-06 62 28 3.32337e-07 930.455 929.545 0.00400582 1.94446e-06
4.3917e-06 62 28 3.52753e-07 930.459 929.537 0.00408595 1.98335e-06
4.47954e-06 62 28 3.74204e-07 930.464 929.529 0.00416767 2.02302e-06
4.56913e-06 62 28 3.9674e-07 930.469 929.521 0.00425103 2.06348e-06
4.66051e-06 62 28 4.20406e-07 930.474 929.512 0.00433606 2.10475e-06
4.75372e-06 62 28 4.45254e-07 930.48 929.504 0.00442279 2.14684e-06
4.84879e-06 62 28 4.71335e-07 930.485 929.495 0.00451126 2.18978e-06
4.94577e-06 62 28 4.98704e-07 930.491 929.486 0.00460149 2.23357e-06
5.04468e-06 62 28 5.27416e-07 930.496 929.477 0.00469353 2.27824e-06
5.14558e-06 62 28 5.57532e-07 930.502 929.468 0.00478741 2.32381e-06
5.24849e-06 62 28 5.89111e-07 930.508 929.458 0.00488317 2.37029e-06
5.35346e-06 62 28 6.22217e-07 930.515 929.448 0.00498085 2.41769e-06
5.46053e-06 62 28 6.56917e-07 930.521 929.438 0.00508048 2.46605e-06
5.56974e-06 62 28 6.93278e-07 930.528 929.428 0.0051821 2.51537e-06
5.68113e-06 62 28 7.31374e-07 930.534 929.417 0.00528576 2.56567e-06
5.79476e-06 62 28 7.71278e-07 930.541 929.407 0.00539149 2.61699e-06
5.91065e-06 62 28 8.13068e-07 930.549 929.396 0.00549934 2.66933e-06
6.02886e-06 62 28 8.56824e-07 930.556 929.384 0.00560934 2.72271e-06
6.14944e-06 62 28 9.02631e-07 930.563 929.373 0.00572154 2.77717e-06
6.27243e-06 62 28 9.50576e-07 930.571 929.361 0.00583599 2.83271e-06
6.39788e-06 62 28 1.00075e-06 930.579 929.349 0.00595273 2.88937e-06
6.52584e-06 62 28 1.05325e-06 930.587 929.337 0.00607181 2.94715e-06
6.65635e-06 62 28 1.10816e-06 930.595 929.324 0.00619326 3.0061e-06
6.78948e-06 62 28 1.16561e-06 930.604 929.311 0.00631715 3.06622e-06
6.92527e-06 62 28 1.22568e-06 930.613 929.298 0.00644352 3.12754e-06
7.06378e-06 62 28 1.28849e-06 930.622 929.285 0.00657242 3.19009e-06
7.20505e-06 62 28 1.35416e-06 930.631 929.271 0.00670389 3.25389e-06
7.34915e-06 62 28 1.42281e-06 930.64 929.257 0.006838 3.31897e-06
7.49614e-06 62 28 1.49456e-06 930.65 929.243 0.00697478 3.38535e-06
7.64606e-06 62 28 1.56954e-06 930.66 929.229 0.00711431 3.45306e-06
7.79898e-06 62 28 1.64789e-06 930.67 929.214 0.00725663 3.52212e-06
7.95496e-06 62 28 1.72975e-06 930.68 929.199 0.0074018 3.59256e-06
8.11406e-06 62 28 1.81526e-06 930.691 929.183 0.00754987 3.66441e-06
8.27634e-06 62 28 1.90458e-06 930.702 929.167 0.0077009 3.7377e-06
8.44187e-06 62 28 1.99787e-06 930.713 929.151 0.00785496 3.81246e-06
8.6107e-06 62 28 2.09528e-06 930.725 929.135 0.0080121 3.8887e-06
8.78292e-06 62 28 2.197e-06 930.736 929.118 0.00817238 3.96648e-06
8.95858e-06 62 28 2.3032e-06 930.748 929.101 0.00833588 4.04581e-06
9.13775e-06 62 28 2.41407e-06 930.761 929.083 0.00850264 4.12672e-06
9.3205e-06 62 28 2.5298e-06 930.773 929.065 0.00867274 4.20926e-06
9.50691e-06 62 28 2.6506e-06 930.786 929.047 0.00884625 4.29344e-06
9.69705e-06 62 28 2.77667e-06 930.799 929.028 0.00902323 4.37931e-06
9.89099e-06 62 28 2.90823e-06 930.812 929.009 0.00920375 4.4669e-06
1.00888e-05 62 28 3.04551e-06 930.826 928.99 0.00938789 4.55624e-06
1.02906e-05 62 28 3.18875e-06 930.84 928.97 0.00957571 4.64736e-06
1.04964e-05 62 28 3.33819e-06 930.855 928.949 0.00976728 4.74031e-06
1.07063e-05 62 28 3.49409e-06 930.869 928.929 0.0099627 4.83512e-06
1.09205e-05 62 28 3.65671e-06 930.884 928.908 0.010162 4.93182e-06
1.11389e-05 62 28 3.82634e-06 930.9 928.886 0.0103653 5.03045e-06
1.13616e-05 62 28 4.00326e-06 930.916 928.864 0.0105727 5.13106e-06
1.15889e-05 62 28 4.18777e-06 930.932 928.842 0.0107843 5.23368e-06
1.18207e-05 62 28 4.38019e-06 930.948 928.819 0.011 5.33836e-06
1.20571e-05 62 28 4.58084e-06 930.965 928.795 0.0112201 5.44513e-06
1.22982e-05 62 28 4.79006e-06 930.982 928.772 0.0114446 5.55403e-06
1.25442e-05 62 28 5.00821e-06 931 928.747 0.0116736 5.66511e-06
1.27951e-05 62 28 5.23564e-06 931.018 928.722 0.0119072 5.77841e-06
1.3051e-05 62 28 5.47275e-06 931.036 928.697 0.0121454 5.89398e-06
1.3312e-05 62 28 5.71993e-06 931.055 928.671 0.0123885 6.01186e-06
1.35782e-05 62 28 5.9776e-06 931.074 928.645 0.0126363 6.1321e-06
1.38498e-05 62 28 6.24618e-06 931.093 928.618 0.0128892 6.25474e-06
1.41268e-05 62 28 6.52612e-06 931.113 928.591 0.0131471 6.37983e-06
1.44093e-05 62 28 6.8179e-06 931.134 928.563 0.0134102 6.50743e-06
1.46975e-05 62 28 7.12199e-06 931.155 928.534 0.0136785 6.63758e-06
1.49914e-05 62 28 7.4389e-06 931.176 928.505 0.0139522 6.77033e-06
1.52913e-05 62 28 7.76916e-06 931.198 928.476 0.0142314 6.90574e-06
1.55971e-05 62 28 8.11332e-06 931.22 928.445 0.0145162 7.04385e-06
1.5909e-05 62 28 8.47194e-06 931.243 928.414 0.0148067 7.18473e-06
1.62272e-05 62 28 8.84563e-06 931.266 928.383 0.015103 7.32842e-06
1.65518e-05 62 28 9.23498e-06 931.29 928.351 0.0154053 7.47499e-06
1.68828e-05 62 28 9.64066e-06 931.314 928.318 0.0157136 7.62449e-06
1.72205e-05 64 28 9.39386e-06 931.3 928.338 0.016028 7.53395e-06
1.75649e-05 64 28 9.80619e-06 931.324 928.305 0.0163488 7.68463e-06
1.79162e-05 64 28 1.02358e-05 931.348 928.27 0.0166759 7.83832e-06
1.82745e-05 64 28 1.06833e-05 931.373 928.235 0.0170097 7.99509e-06
1.864e-05 64 28 1.11496e-05 931.398 928.199 0.0173501 8.15499e-06
1.90128e-05 64 28 1.16353e-05 931.424 928.163 0.0176973 8.31809e-06
1.9393e-05 64 28 1.21413e-05 931.45 928.125 0.0180515 8.48445e-06
1.97809e-05 64 28 1.26684e-05 931.477 928.087 0.0184128 8.65414e-06
2.01765e-05 64 28 1.32175e-05 931.505 928.049 0.0187813 8.82722e-06
2.058e-05 64 28 1.37894e-05 931.533 928.009 0.0191572 9.00377e-06
2.09916e-05 64 28 1.4385e-05 931.561 927.969 0.0195406 9.18384e-06
2.14115e-05 64 28 1.50055e-05 931.591 927.928 0.0199317 9.36752e-06
2.18397e-05 64 28 1.56517e-05 931.62 927.886 0.0203307 9.55487e-06
2.22765e-05 64 28 1.63248e-05 931.651 927.843 0.0207376 9.74597e-06
2.2722e-05 64 28 1.70258e-05 931.682 927.799 0.0211527 9.94089e-06
2.31765e-05 64 28 1.77558e-05 931.714 927.755 0.0215761 1.01397e-05
2.364e-05 64 28 1.85161e-05 931.746 927.709 0.022008 1.03425e-05
2.41128e-05 64 28 1.93079e-05 931.78 927.663 0.0224485 1.05493e-05
2.45951e-05 64 28 2.01325e-05 931.813 927.616 0.0228979 1.07603e-05
2.5087e-05 86 36 1.88532e-05 931.761 927.663 0.0233562 1.05015e-05
2.55887e-05 86 36 1.96629e-05 931.793 927.614 0.0238237 1.07115e-05
2.61005e-05 86 36 2.05062e-05 931.826 927.565 0.0243006 1.09258e-05
2.66225e-05 86 36 2.13845e-05 931.859 927.514 0.024787 1.11443e-05
2.71549e-05 86 36 2.22991e-05 931.893 927.462 0.0252832 1.13672e-05
2.7698e-05 86 36 2.32517e-05 931.928 927.41 0.0257893 1.15945e-05
2.8252e-05 86 36 2.42438e-05 931.964 927.356 0.0263056 1.18264e-05
2.8817e-05 86 36 2.52769e-05 932 927.301 0.0268322 1.20629e-05
2.93934e-05 86 36 2.63528e-05 932.037 927.245 0.0273693 1.23042e-05
2.99812e-05 86 36 2.74731e-05 932.074 927.188 0.0279173 1.25503e-05
3.05809e-05 86 36 2.86398e-05 932.113 927.13 0.0284762 1.28013e-05
3.11925e-05 86 36 2.98546e-05 932.152 927.071 0.0290463 1.30573e-05
3.18163e-05 86 36 3.11197e-05 932.192 927.01 0.0296278 1.33185e-05
3.24526e-05 86 36 3.24369e-05 932.233 926.948 0.030221 1.35848e-05
3.31017e-05 86 36 3.38085e-05 932.275 926.886 0.0308261 1.38565e-05
3.37637e-05 86 36 3.52367e-05 932.318 926.821 0.0314433 1.41337e-05
3.4439e-05 86 36 3.67238e-05 932.362 926.756 0.0320729 1.44163e-05
3.51278e-05 86 36 3.82721e-05 932.406 926.689 0.0327151 1.47047e-05
3.58303e-05 86 36 3.98842e-05 932.452 926.621 0.0333702 1.49987e-05
3.6547e-05 84 34 3.88549e-05 932.423 926.673 0.0340384 1.47928e-05
3.72779e-05 84 34 4.04896e-05 932.468 926.603 0.0347199 1.50887e-05
3.80235e-05 84 34 4.21915e-05 932.513 926.532 0.0354152 1.53904e-05
3.87839e-05 84 34 4.39634e-05 932.559 926.459 0.0361243 1.56983e-05
3.95596e-05 84 34 4.58082e-05 932.606 926.385 0.0368477 1.60122e-05
4.03508e-05 84 34 4.77288e-05 932.654 926.309 0.0375856 1.63325e-05
4.11578e-05 84 34 4.97283e-05 932.703 926.232 0.0383383 1.66591e-05
4.1981e-05 84 34 5.181e-05 932.753 926.154 0.0391061 1.69923e-05
4.28206e-05 84 34 5.39772e-05 932.804 926.074 0.0398892 1.73321e-05
4.3677e-05 84 34 5.62334e-05 932.857 925.992 0.0406881 1.76788e-05
4.45505e-05 84 34 5.85821e-05 932.91 925.909 0.041503 1.80324e-05
4.54415e-05 84 34 6.10273e-05 932.964 925.824 0.0423343 1.8393e-05
4.63504e-05 84 34 6.35727e-05 933.02 925.737 0.0431822 1.87609e-05
4.72774e-05 84 34 6.62226e-05 933.076 925.649 0.0440472 1.91361e-05
4.82229e-05 84 34 6.8981e-05 933.134 925.559 0.0449295 1.95188e-05
4.91874e-05 84 34 7.18526e-05 933.193 925.467 0.0458295 1.99092e-05
5.01711e-05 84 34 7.48418e-05 933.253 925.373 0.0467475 2.03074e-05
5.11746e-05 84 34 7.79535e-05 933.315 925.278 0.047684 2.07135e-05
5.2198e-05 84 34 8.11926e-05 933.377 925.18 0.0486393 2.11278e-05
5.3242e-05 84 34 8.45643e-05 933.441 925.081 0.0496137 2.15503e-05
5.43069e-05 84 34 8.80741e-05 933.506 924.98 0.0506077 2.19813e-05
5.5393e-05 84 34 9.17276e-05 933.573 924.876 0.0516217 2.2421e-05
5.65008e-05 84 34 9.55305e-05 933.641 924.771 0.052656 2.28694e-05
5.76309e-05 84 34 9.9489e-05 933.71 924.663 0.053711 2.33268e-05
5.87835e-05 84 34 0.000103609 933.781 924.554 0.0547873 2.37933e-05
5.99592e-05 84 34 0.000107898 933.853 924.442 0.0558852 2.42692e-05
6.11583e-05 82 32 0.000104464 933.797 924.541 0.057005 2.38667e-05
6.23815e-05 82 32 0.000108785 933.867 924.426 0.0581472 2.4344e-05
6.36291e-05 82 32 0.000113283 933.938 924.31 0.0593124 2.48309e-05
6.49017e-05 82 32 0.000117964 934.011 924.19 0.0605009 2.53275e-05
6.61997e-05 82 32 0.000122837 934.085 924.069 0.0617134 2.5834e-05
6.75237e-05 82 32 0.000127908 934.161 923.945 0.0629501 2.63507e-05
6.88742e-05 82 32 0.000133187 934.239 923.818 0.0642118 2.68777e-05
7.02517e-05 82 32 0.000138681 934.318 923.69 0.0654987 2.74153e-05
7.16567e-05 82 32 0.0001444 934.398 923.558 0.0668115 2.79636e-05
7.30899e-05 82 32 0.000150352 934.48 923.424 0.0681507 2.85229e-05
7.45517e-05 82 32 0.000156547 934.564 923.287 0.0695168 2.90933e-05
7.60427e-05 82 32 0.000162994 934.65 923.148 0.0709103 2.96752e-05
7.75636e-05 82 32 0.000169705 934.737 923.006 0.0723318 3.02687e-05
7.91148e-05 82 32 0.000176689 934.826 922.861 0.0737819 3.08741e-05
8.06971e-05 82 32 0.000183958 934.917 922.713 0.0752612 3.14916e-05
8.23111e-05 80 30 0.000176889 934.83 922.867 0.07677 3.08666e-05
8.39573e-05 80 30 0.000184162 934.918 922.716 0.078309 3.1484e-05
8.56364e-05 80 30 0.000191732 935.007 922.561 0.0798789 3.21137e-05
8.73492e-05 80 30 0.00019961 935.098 922.404 0.0814804 3.27559e-05
8.90961e-05 80 30 0.00020781 935.191 922.243 0.0831141 3.34111e-05
9.08781e-05 80 30 0.000216343 935.286 922.08 0.0847806 3.40793e-05
9.26956e-05 80 30 0.000225224 935.382 921.913 0.0864806 3.47609e-05
9.45495e-05 80 30 0.000234467 935.481 921.742 0.0882148 3.54561e-05
9.64405e-05 80 30 0.000244086 935.582 921.569 0.0899839 3.61652e-05
9.83693e-05 80 30 0.000254097 935.685 921.392 0.0917886 3.68885e-05
0.000100337 80 30 0.000264516 935.79 921.211 0.0936295 3.76263e-05
0.000102343 80 30 0.000275358 935.896 921.027 0.0955075 3.83788e-05
0.00010439 128 46 0.000260145 935.748 921.212 0.0974229 3.75153e-05
0.000106478 128 46 0.000270849 935.849 921.024 0.0993767 3.82656e-05
0.000108608 128 46 0.00028199 935.953 920.831 0.10137 3.90309e-05
0.00011078 128 46 0.000293584 936.059 920.635 0.103403 3.98115e-05
0.000112995 128 46 0.000305652 936.167 920.434 0.105477 4.06077e-05
0.000115255 128 46 0.000318213 936.277 920.23 0.107593 4.14199e-05
0.00011756 128 46 0.000331285 936.389 920.022 0.109751 4.22483e-05
0.000119912 128 46 0.00034489 936.504 919.809 0.111953 4.30933e-05
0.00012231 128 46 0.00035905 936.62 919.593 0.114199 4.39551e-05
0.000124756 128 46 0.000373788 936.74 919.372 0.11649 4.48342e-05
0.000127251 126 44 0.000367501 936.691 919.477 0.118828 4.44369e-05
0.000129796 126 44 0.000382577 936.809 919.25 0.121212 4.53257e-05
0.000132392 126 44 0.000398268 936.928 919.019 0.123644 4.62322e-05
0.00013504 126 44 0.000414597 937.05 918.783 0.126125 4.71568e-05
0.000137741 126 44 0.000431592 937.175 918.543 0.128656 4.81e-05
0.000140496 124 42 0.000422767 937.111 918.677 0.131237 4.75872e-05
0.000143306 124 42 0.000440088 937.233 918.431 0.133871 4.8539e-05
0.000146172 124 42 0.000458114 937.358 918.18 0.136557 4.95098e-05
0.000149095 124 42 0.000476875 937.485 917.924 0.139298 5.05e-05
0.000152077 124 42 0.000496399 937.615 917.662 0.142093 5.151e-05
0.000155119 124 42 0.000516718 937.747 917.396 0.144945 5.25402e-05
0.000158221 124 42 0.000537864 937.882 917.124 0.147855 5.3591e-05
0.000161385 124 42 0.00055987 938.02 916.847 0.150823 5.46628e-05
0.000164613 122 40 0.000546175 937.937 917.032 0.153851 5.39715e-05
0.000167905 122 40 0.000568512 938.072 916.749 0.156939 5.50509e-05
0.000171263 122 40 0.000591758 938.209 916.46 0.160089 5.61519e-05
0.000174689 122 40 0.000615949 938.348 916.165 0.163303 5.7275e-05
0.000178182 122 40 0.000641125 938.491 915.864 0.166582 5.84205e-05
0.000181746 124 40 0.000645734 938.516 915.808 0.169926 5.86278e-05
0.000185381 124 40 0.00067212 938.659 915.498 0.173338 5.98003e-05
0.000189089 120 38 0.00067453 938.673 915.481 0.176818 5.98781e-05
0.00019287 120 38 0.000702079 938.817 915.162 0.180368 6.10756e-05
0.000196728 122 38 0.000706739 938.84 915.108 0.183989 6.12759e-05
0.000200662 122 38 0.000735597 938.985 914.778 0.187683 6.25014e-05
0.000204676 122 38 0.000765628 939.134 914.443 0.191452 6.37514e-05
0.000208769 122 38 0.000796879 939.285 914.1 0.195297 6.50265e-05
0.000212945 124 38 0.000802601 939.312 914.038 0.199219 6.52572e-05
0.000217203 124 38 0.000835355 939.464 913.685 0.203219 6.65623e-05
0.000221547 126 38 0.000841795 939.494 913.617 0.207301 6.68159e-05
0.000225978 126 38 0.000876142 939.648 913.253 0.211464 6.81522e-05
