1.02e-07 56 26 -1.03366e-09 930.372 929.86 9.4899e-05
1.0404e-07 56 26 -1.0611e-09 930.372 929.86 9.6797e-05
1.06121e-07 56 26 -1.08927e-09 930.372 929.859 9.87329e-05
1.08243e-07 56 26 -1.11818e-09 930.371 929.859 0.000100708
1.10408e-07 56 26 -1.14784e-09 930.371 929.859 0.000102722
1.12616e-07 56 26 -1.17829e-09 930.371 929.859 0.000104776
1.14869e-07 56 26 -1.20953e-09 930.371 929.858 0.000106872
1.17166e-07 56 26 -1.24159e-09 930.37 929.858 0.000109009
1.19509e-07 56 26 -1.27449e-09 930.37 929.858 0.000111189
1.21899e-07 56 26 -1.30825e-09 930.37 929.858 0.000113413
1.24337e-07 56 26 -1.3429e-09 930.369 929.857 0.000115681
1.26824e-07 56 26 -1.37845e-09 930.369 929.857 0.000117995
1.29361e-07 56 26 -1.41493e-09 930.369 929.857 0.000120355
1.31948e-07 56 26 -1.45236e-09 930.369 929.856 0.000122762
1.34587e-07 56 26 -1.49077e-09 930.368 929.856 0.000125217
1.37279e-07 56 26 -1.53018e-09 930.368 929.856 0.000127721
1.40024e-07 56 26 -1.57061e-09 930.368 929.856 0.000130276
1.42825e-07 56 26 -1.6121e-09 930.367 929.855 0.000132881
1.45681e-07 56 26 -1.65466e-09 930.367 929.855 0.000135539
1.48595e-07 56 26 -1.69833e-09 930.367 929.855 0.000138249
1.51567e-07 56 26 -1.74313e-09 930.366 929.854 0.000141014
1.54598e-07 56 26 -1.78909e-09 930.366 929.854 0.000143835
1.5769e-07 56 26 -1.83623e-09 930.366 929.854 0.000146711
1.60844e-07 56 26 -1.8846e-09 930.366 929.853 0.000149645
1.64061e-07 56 26 -1.93421e-09 930.365 929.853 0.000152638
1.67342e-07 56 26 -1.98511e-09 930.365 929.853 0.000155691
1.70689e-07 56 26 -2.03731e-09 930.365 929.852 0.000158805
1.74102e-07 56 26 -2.09085e-09 930.364 929.852 0.000161981
1.77584e-07 56 26 -2.14577e-09 930.364 929.852 0.00016522
1.81136e-07 56 26 -2.2021e-09 930.364 929.851 0.000168525
1.84759e-07 56 26 -2.25986e-09 930.363 929.851 0.000171895
1.88454e-07 56 26 -2.31911e-09 930.363 929.851 0.000175333
1.92223e-07 56 26 -2.37986e-09 930.363 929.85 0.00017884
1.96068e-07 56 26 -2.44216e-09 930.362 929.85 0.000182416
1.99989e-07 56 26 -2.50605e-09 930.362 929.85 0.000186065
2.03989e-07 56 26 -2.57156e-09 930.362 929.849 0.000189786
2.08069e-07 56 26 -2.63872e-09 930.361 929.849 0.000193582
2.1223e-07 56 26 -2.70759e-09 930.361 929.849 0.000197453
2.16474e-07 56 26 -2.77819e-09 930.361 929.848 0.000201402
2.20804e-07 56 26 -2.85056e-09 930.36 929.848 0.00020543
2.2522e-07 56 26 -2.92476e-09 930.36 929.848 0.000209539
2.29724e-07 56 26 -3.00082e-09 930.36 929.847 0.000213729
2.34319e-07 56 26 -3.07878e-09 930.359 929.847 0.000218004
2.39005e-07 56 26 -3.15868e-09 930.359 929.846 0.000222364
2.43785e-07 56 26 -3.24057e-09 930.359 929.846 0.000226811
2.48661e-07 56 26 -3.32449e-09 930.358 929.846 0.000231347
2.53634e-07 56 26 -3.41049e-09 930.358 929.845 0.000235974
2.58707e-07 56 26 -3.49861e-09 930.358 929.845 0.000240694
2.63881e-07 56 26 -3.5889e-09 930.357 929.845 0.000245507
2.69159e-07 56 26 -3.6814e-09 930.357 929.844 0.000250417
2.74542e-07 56 26 -3.77617e-09 930.357 929.844 0.000255426
2.80033e-07 56 26 -3.87324e-09 930.356 929.843 0.000260534
2.85633e-07 56 26 -3.97267e-09 930.356 929.843 0.000265745
2.91346e-07 56 26 -4.07451e-09 930.355 929.843 0.00027106
2.97173e-07 56 26 -4.1788e-09 930.355 929.842 0.000276481
3.03117e-07 56 26 -4.2856e-09 930.355 929.842 0.00028201
3.09179e-07 56 26 -4.39494e-09 930.354 929.841 0.00028765
3.15362e-07 56 26 -4.50689e-09 930.354 929.841 0.000293403
3.2167e-07 56 26 -4.62149e-09 930.354 929.84 0.000299271
3.28103e-07 56 26 -4.7388e-09 930.353 929.84 0.000305257
3.34665e-07 56 26 -4.85886e-09 930.353 929.84 0.000311362
3.41358e-07 56 26 -4.98172e-09 930.353 929.839 0.000317589
3.48186e-07 56 26 -5.10744e-09 930.352 929.839 0.00032394
3.55149e-07 56 26 -5.23606e-09 930.352 929.838 0.000330419
3.62252e-07 56 26 -5.36764e-09 930.351 929.838 0.000337027
3.69497e-07 56 26 -5.50221e-09 930.351 929.837 0.000343768
3.76887e-07 56 26 -5.63984e-09 930.351 929.837 0.000350643
3.84425e-07 56 26 -5.78058e-09 930.35 929.836 0.000357656
3.92114e-07 56 26 -5.92445e-09 930.35 929.836 0.000364809
3.99956e-07 56 26 -6.07153e-09 930.35 929.835 0.000372105
4.07955e-07 56 26 -6.22184e-09 930.349 929.835 0.000379547
4.16114e-07 56 26 -6.37545e-09 930.349 929.835 0.000387138
4.24436e-07 56 26 -6.53238e-09 930.348 929.834 0.00039488
4.32925e-07 56 26 -6.69268e-09 930.348 929.834 0.000402778
4.41584e-07 56 26 -6.85639e-09 930.348 929.833 0.000410833
4.50415e-07 56 26 -7.02355e-09 930.347 929.832 0.00041905
4.59424e-07 56 26 -7.19419e-09 930.347 929.832 0.00042743
4.68612e-07 56 26 -7.36835e-09 930.347 929.831 0.000435979
4.77984e-07 56 26 -7.54607e-09 930.346 929.831 0.000444698
4.87544e-07 56 26 -7.72736e-09 930.346 929.83 0.000453592
4.97295e-07 56 26 -7.91225e-09 930.345 929.83 0.000462664
5.07241e-07 56 26 -8.10076e-09 930.345 929.829 0.000471917
5.17386e-07 56 26 -8.29292e-09 930.345 929.829 0.000481355
5.27733e-07 56 26 -8.48872e-09 930.344 929.828 0.000490982
5.38288e-07 56 26 -8.68819e-09 930.344 929.828 0.000500802
5.49054e-07 56 26 -8.89132e-09 930.344 929.827 0.000510817
5.60035e-07 56 26 -9.09811e-09 930.343 929.826 0.000521034
5.71235e-07 56 26 -9.30855e-09 930.343 929.826 0.000531454
5.8266e-07 56 26 -9.52263e-09 930.342 929.825 0.000542083
5.94313e-07 56 26 -9.74032e-09 930.342 929.825 0.000552924
6.062e-07 56 26 -9.9616e-09 930.342 929.824 0.000563983
6.18324e-07 56 26 -1.01864e-08 930.341 929.823 0.000575262
6.3069e-07 56 26 -1.04147e-08 930.341 929.823 0.000586767
6.43304e-07 56 26 -1.06465e-08 930.341 929.822 0.000598502
6.5617e-07 56 26 -1.08816e-08 930.34 929.821 0.000610472
6.69293e-07 56 26 -1.112e-08 930.34 929.821 0.000622681
6.82679e-07 56 26 -1.13617e-08 930.34 929.82 0.000635135
6.96333e-07 56 26 -1.16064e-08 930.339 929.819 0.000647837
7.10259e-07 56 26 -1.18541e-08 930.339 929.819 0.000660794
7.24465e-07 56 26 -1.21046e-08 930.338 929.818 0.000674009
7.38954e-07 56 26 -1.23579e-08 930.338 929.817 0.000687489
7.53733e-07 56 26 -1.26137e-08 930.338 929.817 0.000701239
7.68808e-07 56 26 -1.28718e-08 930.337 929.816 0.000715263
7.84184e-07 56 26 -1.3132e-08 930.337 929.815 0.000729568
7.99867e-07 56 26 -1.33942e-08 930.337 929.814 0.00074416
8.15865e-07 56 26 -1.36581e-08 930.336 929.814 0.000759042
8.32182e-07 56 26 -1.39233e-08 930.336 929.813 0.000774223
8.48826e-07 56 26 -1.41897e-08 930.336 929.812 0.000789707
8.65802e-07 56 26 -1.44568e-08 930.335 929.811 0.000805501
8.83118e-07 56 26 -1.47243e-08 930.335 929.81 0.000821611
9.00781e-07 56 26 -1.49919e-08 930.335 929.81 0.000838043
9.18796e-07 56 26 -1.52591e-08 930.335 929.809 0.000854803
9.37172e-07 56 26 -1.55255e-08 930.334 929.808 0.000871899
9.55916e-07 56 26 -1.57905e-08 930.334 929.807 0.000889337
9.75034e-07 56 26 -1.60537e-08 930.334 929.806 0.000907123
9.94535e-07 56 26 -1.63145e-08 930.333 929.805 0.000925265
1.01443e-06 56 26 -1.65722e-08 930.333 929.804 0.00094377
1.03471e-06 56 26 -1.68262e-08 930.333 929.803 0.000962645
1.05541e-06 56 26 -1.70758e-08 930.333 929.802 0.000981898
1.07652e-06 56 26 -1.73203e-08 930.332 929.801 0.00100154
1.09805e-06 56 26 -1.75586e-08 930.332 929.8 0.00102157
1.12001e-06 56 26 -1.77902e-08 930.332 929.799 0.001042
1.14241e-06 56 26 -1.80138e-08 930.332 929.798 0.00106284
1.16526e-06 56 26 -1.82286e-08 930.332 929.797 0.00108409
1.18856e-06 56 26 -1.84334e-08 930.332 929.796 0.00110577
1.21233e-06 56 26 -1.86271e-08 930.331 929.795 0.00112789
1.23658e-06 56 26 -1.88085e-08 930.331 929.794 0.00115045
1.26131e-06 56 26 -1.89761e-08 930.331 929.792 0.00117346
1.28654e-06 56 26 -1.91287e-08 930.331 929.791 0.00119692
1.31227e-06 56 26 -1.92646e-08 930.331 929.79 0.00122086
1.33851e-06 56 26 -1.93822e-08 930.331 929.789 0.00124528
1.36528e-06 56 26 -1.94799e-08 930.331 929.787 0.00127018
1.39259e-06 56 26 -1.95558e-08 930.331 929.786 0.00129559
1.42044e-06 56 26 -1.9608e-08 930.331 929.785 0.0013215
1.44885e-06 56 26 -1.96344e-08 930.331 929.783 0.00134793
1.47783e-06 56 26 -1.96327e-08 930.331 929.782 0.00137489
1.50738e-06 56 26 -1.96007e-08 930.331 929.781 0.00140238
1.53753e-06 56 26 -1.95358e-08 930.331 929.779 0.00143043
1.56828e-06 56 26 -1.94355e-08 930.331 929.778 0.00145904
1.59965e-06 56 26 -1.92969e-08 930.331 929.776 0.00148822
1.63164e-06 56 26 -1.9117e-08 930.331 929.774 0.00151798
1.66427e-06 56 26 -1.88928e-08 930.331 929.773 0.00154834
1.69756e-06 56 26 -1.86208e-08 930.331 929.771 0.00157931
1.73151e-06 56 26 -1.82976e-08 930.331 929.769 0.0016109
1.76614e-06 56 26 -1.79194e-08 930.332 929.768 0.00164311
1.80146e-06 56 26 -1.74823e-08 930.332 929.766 0.00167597
1.83749e-06 56 26 -1.69821e-08 930.332 929.764 0.00170949
1.87424e-06 56 26 -1.64143e-08 930.332 929.762 0.00174368
1.91173e-06 56 26 -1.57744e-08 930.333 929.76 0.00177856
1.94996e-06 56 26 -1.50574e-08 930.333 929.758 0.00181413
1.98896e-06 56 26 -1.42582e-08 930.334 929.756 0.00185041
2.02874e-06 56 26 -1.33711e-08 930.334 929.754 0.00188742
2.06931e-06 56 26 -1.23906e-08 930.334 929.752 0.00192517
2.1107e-06 56 26 -1.13104e-08 930.335 929.75 0.00196367
2.15291e-06 56 26 -1.01242e-08 930.336 929.748 0.00200294
2.19597e-06 56 26 -8.82514e-09 930.336 929.745 0.002043
2.23989e-06 56 26 -7.40617e-09 930.337 929.743 0.00208386
2.28469e-06 56 26 -5.85982e-09 930.337 929.741 0.00212554
2.33038e-06 56 26 -4.17825e-09 930.338 929.738 0.00216805
2.37699e-06 56 26 -2.38707e-09 930.339 929.736 0.00221141
2.42453e-06 56 26 -4.10752e-10 930.34 929.733 0.00225564
2.47302e-06 56 26 1.72686e-09 930.341 929.73 0.00230075
2.52248e-06 56 26 4.03543e-09 930.341 929.728 0.00234677
2.57293e-06 56 26 6.52505e-09 930.342 929.725 0.0023937
2.62439e-06 56 26 9.20631e-09 930.343 929.722 0.00244157
2.67688e-06 56 26 1.20904e-08 930.345 929.719 0.00249041
2.73042e-06 56 26 1.51887e-08 930.346 929.716 0.00254021
2.78502e-06 56 26 1.85136e-08 930.347 929.713 0.00259102
2.84072e-06 56 26 2.2078e-08 930.348 929.71 0.00264284
2.89754e-06 56 26 2.58951e-08 930.35 929.706 0.0026957
2.95549e-06 56 26 2.9979e-08 930.351 929.703 0.00274961
3.0146e-06 56 26 3.43444e-08 930.352 929.7 0.0028046
3.07489e-06 56 26 3.90067e-08 930.354 929.696 0.0028607
3.13639e-06 56 26 4.3982e-08 930.356 929.692 0.00291791
3.19912e-06 56 26 4.92869e-08 930.357 929.689 0.00297627
3.2631e-06 56 26 5.49392e-08 930.359 929.685 0.0030358
3.32836e-06 56 26 6.09574e-08 930.361 929.681 0.00309652
3.39493e-06 56 26 6.73604e-08 930.363 929.677 0.00315845
3.46283e-06 56 26 7.41687e-08 930.365 929.673 0.00322162
3.53208e-06 56 26 8.14027e-08 930.367 929.668 0.00328605
3.60272e-06 56 26 8.90849e-08 930.369 929.664 0.00335177
3.67478e-06 56 26 9.72376e-08 930.371 929.659 0.00341881
3.74827e-06 56 26 1.05885e-07 930.373 929.655 0.00348719
3.82324e-06 56 26 1.15052e-07 930.376 929.65 0.00355694
3.89971e-06 56 26 1.24765e-07 930.378 929.645 0.00362808
3.9777e-06 56 26 1.3505e-07 930.381 929.64 0.00370064
4.05725e-06 56 26 1.45936e-07 930.384 929.635 0.00377466
4.1384e-06 56 26 1.57452e-07 930.387 929.63 0.00385015
4.22117e-06 56 26 1.69629e-07 930.389 929.625 0.00392716
4.30559e-06 56 26 1.82499e-07 930.392 929.619 0.00400571
4.3917e-06 56 26 1.96095e-07 930.396 929.613 0.00408582
4.47954e-06 56 26 2.10453e-07 930.399 929.608 0.00416754
4.56913e-06 56 26 2.25608e-07 930.402 929.602 0.0042509
4.66051e-06 56 26 2.41597e-07 930.406 929.596 0.00433592
4.75372e-06 56 26 2.58462e-07 930.409 929.59 0.00442265
4.84879e-06 56 26 2.76241e-07 930.413 929.583 0.0045111
4.94577e-06 56 26 2.94978e-07 930.417 929.577 0.00460133
5.04468e-06 56 26 3.14716e-07 930.421 929.57 0.00469336
5.14558e-06 62 28 2.9718e-07 930.417 929.571 0.00478724
5.24849e-06 62 28 3.17289e-07 930.421 929.564 0.00488299
5.35346e-06 62 28 3.38467e-07 930.425 929.557 0.00498065
5.46053e-06 62 28 3.60765e-07 930.429 929.55 0.00508027
5.56974e-06 62 28 3.84234e-07 930.434 929.542 0.00518189
5.68113e-06 62 28 4.08926e-07 930.438 929.534 0.00528553
5.79476e-06 62 28 4.34896e-07 930.442 929.527 0.00539125
5.91065e-06 62 28 4.62203e-07 930.447 929.519 0.00549909
6.02886e-06 62 28 4.90907e-07 930.452 929.511 0.00560908
6.14944e-06 62 28 5.21069e-07 930.457 929.502 0.00572127
6.27243e-06 62 28 5.52755e-07 930.462 929.494 0.00583571
6.39788e-06 62 28 5.86032e-07 930.467 929.485 0.00595243
6.52584e-06 62 28 6.20971e-07 930.473 929.476 0.00607149
6.65635e-06 62 28 6.57644e-07 930.478 929.467 0.00619293
6.78948e-06 62 28 6.96129e-07 930.484 929.457 0.00631681
6.92527e-06 62 28 7.36504e-07 930.49 929.448 0.00644316
7.06378e-06 62 28 7.78852e-07 930.496 929.438 0.00657204
7.20505e-06 62 28 8.23259e-07 930.502 929.428 0.00670349
7.34915e-06 62 28 8.69813e-07 930.508 929.418 0.00683758
7.49614e-06 62 28 9.18609e-07 930.515 929.407 0.00697435
7.64606e-06 62 28 9.69742e-07 930.522 929.396 0.00711385
7.79898e-06 62 28 1.02331e-06 930.529 929.385 0.00725615
7.95496e-06 62 28 1.07943e-06 930.536 929.374 0.0074013
8.11406e-06 62 28 1.13819e-06 930.543 929.363 0.00754934
8.27634e-06 62 28 1.19973e-06 930.551 929.351 0.00770035
8.44187e-06 62 28 1.26414e-06 930.558 929.339 0.00785439
8.6107e-06 62 28 1.33157e-06 930.566 929.327 0.0080115
8.78292e-06 62 28 1.40212e-06 930.574 929.314 0.00817176
8.95858e-06 62 28 1.47595e-06 930.583 929.302 0.00833522
9.13775e-06 62 28 1.55318e-06 930.591 929.288 0.00850196
9.3205e-06 62 28 1.63395e-06 930.6 929.275 0.00867203
9.50691e-06 62 28 1.71843e-06 930.609 929.262 0.0088455
9.69705e-06 62 28 1.80677e-06 930.618 929.248 0.00902245
9.89099e-06 62 28 1.89912e-06 930.628 929.233 0.00920293
1.00888e-05 62 28 1.99566e-06 930.637 929.219 0.00938703
1.02906e-05 62 28 2.09657e-06 930.647 929.204 0.00957481
1.04964e-05 62 28 2.20202e-06 930.657 929.189 0.00976635
1.07063e-05 62 28 2.31221e-06 930.668 929.174 0.00996172
1.09205e-05 62 28 2.42733e-06 930.678 929.158 0.010161
1.11389e-05 62 28 2.54759e-06 930.689 929.142 0.0103643
1.13616e-05 62 28 2.67321e-06 930.7 929.125 0.0105716
1.15889e-05 62 28 2.80441e-06 930.712 929.108 0.0107831
1.18207e-05 62 28 2.94142e-06 930.724 929.091 0.0109988
1.20571e-05 62 28 3.08449e-06 930.736 929.074 0.0112189
1.22982e-05 62 28 3.23386e-06 930.748 929.056 0.0114433
1.25442e-05 62 28 3.3898e-06 930.76 929.038 0.0116722
1.27951e-05 62 28 3.55259e-06 930.773 929.019 0.0119057
1.3051e-05 62 28 3.7225e-06 930.786 929 0.0121439
1.3312e-05 62 28 3.89983e-06 930.8 928.981 0.0123869
1.35782e-05 62 28 4.08489e-06 930.814 928.961 0.0126347
1.38498e-05 62 28 4.278e-06 930.828 928.941 0.0128875
1.41268e-05 62 28 4.4795e-06 930.842 928.92 0.0131453
1.44093e-05 62 28 4.68972e-06 930.857 928.899 0.0134083
1.46975e-05 62 28 4.90904e-06 930.872 928.878 0.0136766
1.49914e-05 62 28 5.13782e-06 930.887 928.856 0.0139502
1.52913e-05 62 28 5.37646e-06 930.903 928.834 0.0142293
1.55971e-05 62 28 5.62537e-06 930.919 928.811 0.014514
1.5909e-05 62 28 5.88497e-06 930.936 928.788 0.0148044
1.62272e-05 62 28 6.1557e-06 930.953 928.764 0.0151006
1.65518e-05 62 28 6.43802e-06 930.97 928.74 0.0154028
1.68828e-05 62 28 6.73241e-06 930.987 928.715 0.0157109
1.72205e-05 62 28 7.03936e-06 931.005 928.69 0.0160253
1.75649e-05 62 28 7.3594e-06 931.024 928.664 0.0163459
1.79162e-05 62 28 7.69306e-06 931.043 928.638 0.016673
1.82745e-05 62 28 8.0409e-06 931.062 928.611 0.0170066
1.864e-05 62 28 8.40351e-06 931.081 928.584 0.0173469
1.90128e-05 62 28 8.78149e-06 931.102 928.556 0.017694
1.9393e-05 62 28 9.17548e-06 931.122 928.528 0.0180481
1.97809e-05 62 28 9.58613e-06 931.143 928.499 0.0184093
2.01765e-05 62 28 1.00141e-05 931.164 928.469 0.0187776
2.058e-05 62 28 1.04602e-05 931.186 928.439 0.0191534
2.09916e-05 62 28 1.09251e-05 931.209 928.409 0.0195367
2.14115e-05 62 28 1.14095e-05 931.232 928.377 0.0199276
2.18397e-05 62 28 1.19143e-05 931.255 928.345 0.0203264
2.22765e-05 62 28 1.24404e-05 931.279 928.313 0.0207332
2.2722e-05 62 28 1.29885e-05 931.303 928.28 0.0211481
2.31765e-05 62 28 1.35596e-05 931.328 928.246 0.0215713
2.364e-05 64 28 1.32122e-05 931.313 928.266 0.022003
2.41128e-05 64 28 1.37927e-05 931.337 928.231 0.0224434
2.45951e-05 64 28 1.43975e-05 931.362 928.196 0.0228925
2.5087e-05 64 28 1.50276e-05 931.388 928.159 0.0233506
2.55887e-05 64 28 1.56841e-05 931.413 928.122 0.023818
2.61005e-05 64 28 1.6368e-05 931.44 928.085 0.0242946
2.66225e-05 64 28 1.70805e-05 931.467 928.046 0.0247809
2.71549e-05 64 28 1.78228e-05 931.495 928.007 0.0252768
2.7698e-05 64 28 1.85959e-05 931.523 927.967 0.0257827
2.8252e-05 64 28 1.94013e-05 931.552 927.926 0.0262988
2.8817e-05 64 28 2.02402e-05 931.581 927.884 0.0268251
2.93934e-05 64 28 2.1114e-05 931.611 927.842 0.0273621
2.99812e-05 64 28 2.20242e-05 931.642 927.798 0.0279097
3.05809e-05 64 28 2.29722e-05 931.673 927.754 0.0284684
3.11925e-05 64 28 2.39595e-05 931.705 927.709 0.0290382
3.18163e-05 64 28 2.49878e-05 931.738 927.663 0.0296195
3.24526e-05 86 36 2.33484e-05 931.686 927.708 0.0302123
3.31017e-05 86 36 2.4357e-05 931.717 927.661 0.0308171
3.37637e-05 86 36 2.54076e-05 931.749 927.612 0.0314339
3.4439e-05 86 36 2.65018e-05 931.781 927.563 0.0320631
3.51278e-05 86 36 2.76416e-05 931.813 927.513 0.0327049
3.58303e-05 86 36 2.88287e-05 931.847 927.461 0.0333596
3.6547e-05 86 36 3.00651e-05 931.881 927.409 0.0340274
3.72779e-05 86 36 3.13529e-05 931.916 927.355 0.0347085
3.80235e-05 86 36 3.26941e-05 931.952 927.301 0.0354033
3.87839e-05 86 36 3.40909e-05 931.988 927.245 0.0361121
3.95596e-05 86 36 3.55455e-05 932.025 927.189 0.036835
4.03508e-05 86 36 3.70604e-05 932.063 927.131 0.0375724
4.11578e-05 86 36 3.86381e-05 932.102 927.072 0.0383246
4.1981e-05 86 36 4.0281e-05 932.141 927.012 0.0390919
4.28206e-05 86 36 4.19919e-05 932.182 926.951 0.0398746
4.3677e-05 86 36 4.37735e-05 932.223 926.889 0.0406729
4.45505e-05 86 36 4.56287e-05 932.265 926.825 0.0414873
4.54415e-05 86 36 4.75606e-05 932.308 926.76 0.0423179
4.63504e-05 86 36 4.95722e-05 932.352 926.694 0.0431653
4.72774e-05 86 36 5.16668e-05 932.396 926.626 0.0440296
4.82229e-05 86 36 5.38479e-05 932.442 926.557 0.0449112
4.91874e-05 86 36 5.61189e-05 932.489 926.487 0.0458106
5.01711e-05 84 34 5.4681e-05 932.46 926.54 0.0467279
5.11746e-05 84 34 5.69841e-05 932.505 926.468 0.0476636
5.2198e-05 84 34 5.9382e-05 932.552 926.394 0.048618
5.3242e-05 84 34 6.18787e-05 932.599 926.32 0.0495916
5.43069e-05 84 34 6.44781e-05 932.647 926.243 0.0505847
5.5393e-05 84 34 6.71845e-05 932.697 926.165 0.0515977
5.65008e-05 84 34 7.00022e-05 932.747 926.086 0.052631
5.76309e-05 84 34 7.29358e-05 932.798 926.005 0.053685
5.87835e-05 84 34 7.599e-05 932.851 925.922 0.0547602
5.99592e-05 84 34 7.91697e-05 932.904 925.838 0.055857
6.11583e-05 84 34 8.248e-05 932.959 925.752 0.0569757
6.23815e-05 84 34 8.59263e-05 933.015 925.664 0.0581169
6.36291e-05 84 34 8.9514e-05 933.072 925.575 0.059281
6.49017e-05 84 34 9.32491e-05 933.13 925.484 0.0604685
6.61997e-05 84 34 9.71374e-05 933.189 925.391 0.0616798
6.75237e-05 84 34 0.000101185 933.25 925.296 0.0629153
6.88742e-05 84 34 0.000105399 933.312 925.199 0.0641757
7.02517e-05 84 34 0.000109786 933.375 925.101 0.0654614
7.16567e-05 84 34 0.000114352 933.439 925 0.0667728
7.30899e-05 84 34 0.000119105 933.505 924.898 0.0681106
7.45517e-05 84 34 0.000124054 933.572 924.793 0.0694753
7.60427e-05 84 34 0.000129205 933.64 924.687 0.0708673
7.75636e-05 84 34 0.000134567 933.71 924.578 0.0722873
7.91148e-05 84 34 0.000140148 933.781 924.467 0.0737358
8.06971e-05 84 34 0.000145958 933.854 924.354 0.0752134
8.23111e-05 82 32 0.000141332 933.798 924.456 0.0767206
8.39573e-05 82 32 0.000147186 933.869 924.34 0.0782579
8.56364e-05 82 32 0.00015328 933.94 924.222 0.079826
8.73492e-05 82 32 0.000159623 934.014 924.101 0.0814257
8.90961e-05 82 32 0.000166225 934.089 923.978 0.0830575
9.08781e-05 82 32 0.000173097 934.165 923.853 0.084722
9.26956e-05 82 32 0.00018025 934.243 923.725 0.08642
9.45495e-05 82 32 0.000187695 934.322 923.595 0.0881521
9.64405e-05 82 32 0.000195444 934.404 923.462 0.0899189
9.83693e-05 82 32 0.00020351 934.486 923.326 0.0917213
0.000100337 82 32 0.000211906 934.571 923.188 0.0935599
0.000102343 82 32 0.000220644 934.657 923.047 0.0954354
0.00010439 82 32 0.000229739 934.745 922.903 0.0973486
0.000106478 82 32 0.000239205 934.835 922.757 0.0993003
0.000108608 82 32 0.000249058 934.926 922.607 0.101291
0.00011078 132 50 0.000240486 934.848 922.651 0.103322
0.000112995 132 50 0.00025044 934.937 922.496 0.105393
0.000115255 132 50 0.000260803 935.027 922.338 0.107506
0.00011756 132 50 0.000271589 935.12 922.178 0.109662
0.000119912 80 30 0.00028143 935.203 922.134 0.11186
0.00012231 80 30 0.000292999 935.298 921.969 0.114103
0.000124756 80 30 0.000305039 935.396 921.8 0.116391
0.000127251 80 30 0.00031757 935.495 921.628 0.118725
0.000129796 80 30 0.000330612 935.597 921.452 0.121106
0.000132392 80 30 0.000344185 935.7 921.273 0.123535
0.00013504 128 46 0.0003247 935.554 921.451 0.126013
0.000137741 128 46 0.000338087 935.652 921.268 0.128539
0.000140496 128 46 0.000352022 935.753 921.081 0.131117
0.000143306 128 46 0.000366525 935.855 920.89 0.133747
0.000146172 128 46 0.000381621 935.959 920.695 0.136429
0.000149095 128 46 0.000397333 936.066 920.496 0.139165
0.000152077 128 46 0.000413687 936.174 920.294 0.141957
0.000155119 128 46 0.000430708 936.285 920.088 0.144804
0.000158221 128 46 0.000448424 936.398 919.877 0.147709
0.000161385 128 46 0.000466863 936.513 919.662 0.150673
0.000164613 128 46 0.000486054 936.631 919.443 0.153696
0.000167905 128 46 0.000506029 936.751 919.22 0.156779
0.000171263 128 46 0.000526818 936.874 918.992 0.159925
0.000174689 126 44 0.000517997 936.822 919.098 0.163134
0.000178182 126 44 0.000539265 936.942 918.865 0.166407
0.000181746 126 44 0.000561401 937.065 918.626 0.169747
0.000185381 126 44 0.000584439 937.191 918.383 0.173153
0.000189089 124 42 0.000572535 937.127 918.52 0.176628
0.00019287 124 42 0.000596018 937.25 918.271 0.180172
0.000196728 124 42 0.000620457 937.376 918.018 0.183787
0.000200662 124 42 0.000645892 937.504 917.759 0.187476
0.000204676 124 42 0.000672363 937.634 917.495 0.191239
0.000208769 124 42 0.000699913 937.768 917.225 0.195077
0.000212945 124 42 0.000728584 937.903 916.951 0.198993
0.000217203 124 42 0.000758423 938.042 916.671 0.202988
0.000221547 122 40 0.000739925 937.96 916.858 0.207063
0.000225978 122 40 0.000770215 938.095 916.572 0.211219
0.000230498 122 40 0.000801737 938.233 916.28 0.215459
0.000235108 122 40 0.000834543 938.374 915.982 0.219785
0.00023981 124 40 0.000840549 938.4 915.929 0.224197
0.000244606 124 40 0.000874934 938.542 915.622 0.228698
0.000249498 124 40 0.000910719 938.687 915.308 0.23329
0.000254488 120 38 0.00091407 938.702 915.292 0.237975
0.000259578 122 38 0.000920143 938.726 915.24 0.242753
0.00026477 122 38 0.000957753 938.87 914.914 0.247627
0.000270065 122 38 0.000996894 939.016 914.582 0.252599
0.000275466 122 38 0.00103763 939.165 914.242 0.257671
0.000280976 122 38 0.00108001 939.318 913.897 0.262846
0.000286595 124 38 0.00108778 939.345 913.833 0.268124
0.000292327 124 38 0.0011322 939.498 913.477 0.273509
0.000298174 126 38 0.00114094 939.528 913.407 0.279002
0.000304137 126 38 0.00118753 939.682 913.04 0.284605

