1e-07 56 26 -1.01e-09 930.372 929.86 9.30383e-05
1.02e-07 56 26 -1.03693e-09 930.372 929.86 9.4899e-05
1.0404e-07 56 26 -1.06457e-09 930.372 929.86 9.6797e-05
1.06121e-07 56 26 -1.09295e-09 930.372 929.86 9.87329e-05
1.08243e-07 56 26 -1.12208e-09 930.371 929.859 0.000100708
1.10408e-07 56 26 -1.15198e-09 930.371 929.859 0.000102722
1.12616e-07 56 26 -1.18268e-09 930.371 929.859 0.000104776
1.14869e-07 56 26 -1.21419e-09 930.37 929.858 0.000106872
1.17166e-07 56 26 -1.24654e-09 930.37 929.858 0.000109009
1.19509e-07 56 26 -1.27974e-09 930.37 929.858 0.000111189
1.21899e-07 56 26 -1.31382e-09 930.37 929.858 0.000113413
1.24337e-07 56 26 -1.34881e-09 930.369 929.857 0.000115681
1.26824e-07 56 26 -1.38472e-09 930.369 929.857 0.000117995
1.29361e-07 56 26 -1.42158e-09 930.369 929.857 0.000120355
1.31948e-07 56 26 -1.45942e-09 930.368 929.856 0.000122762
1.34587e-07 56 26 -1.49826e-09 930.368 929.856 0.000125217
1.37279e-07 56 26 -1.53812e-09 930.368 929.856 0.000127721
1.40024e-07 56 26 -1.57904e-09 930.368 929.856 0.000130275
1.42825e-07 56 26 -1.62104e-09 930.367 929.855 0.000132881
1.45681e-07 56 26 -1.66415e-09 930.367 929.855 0.000135539
1.48595e-07 56 26 -1.7084e-09 930.367 929.855 0.000138249
1.51567e-07 56 26 -1.75382e-09 930.366 929.854 0.000141014
1.54598e-07 56 26 -1.80043e-09 930.366 929.854 0.000143834
1.5769e-07 56 26 -1.84827e-09 930.366 929.854 0.000146711
1.60844e-07 56 26 -1.89737e-09 930.365 929.853 0.000149645
1.64061e-07 56 26 -1.94776e-09 930.365 929.853 0.000152638
1.67342e-07 56 26 -1.99948e-09 930.365 929.853 0.000155691
1.70689e-07 56 26 -2.05256e-09 930.364 929.853 0.000158805
1.74102e-07 56 26 -2.10704e-09 930.364 929.852 0.000161981
1.77584e-07 56 26 -2.16295e-09 930.364 929.852 0.00016522
1.81136e-07 56 26 -2.22032e-09 930.363 929.852 0.000168525
1.84759e-07 56 26 -2.2792e-09 930.363 929.851 0.000171895
1.88454e-07 56 26 -2.33963e-09 930.363 929.851 0.000175333
1.92223e-07 56 26 -2.40164e-09 930.362 929.851 0.00017884
1.96068e-07 56 26 -2.46527e-09 930.362 929.85 0.000182416
1.99989e-07 56 26 -2.53057e-09 930.362 929.85 0.000186065
2.03989e-07 56 26 -2.59757e-09 930.361 929.85 0.000189786
2.08069e-07 56 26 -2.66633e-09 930.361 929.849 0.000193582
2.1223e-07 56 26 -2.73688e-09 930.361 929.849 0.000197453
2.16474e-07 56 26 -2.80927e-09 930.36 929.849 0.000201402
2.20804e-07 56 26 -2.88354e-09 930.36 929.848 0.00020543
2.2522e-07 56 26 -2.95975e-09 930.36 929.848 0.000209539
2.29724e-07 56 26 -3.03795e-09 930.359 929.848 0.000213729
2.34319e-07 56 26 -3.11817e-09 930.359 929.847 0.000218004
2.39005e-07 56 26 -3.20048e-09 930.359 929.847 0.000222364
2.43785e-07 56 26 -3.28493e-09 930.358 929.846 0.000226811
2.48661e-07 56 26 -3.37156e-09 930.358 929.846 0.000231347
2.53634e-07 56 26 -3.46043e-09 930.358 929.846 0.000235974
2.58707e-07 56 26 -3.5516e-09 930.357 929.845 0.000240694
2.63881e-07 56 26 -3.64513e-09 930.357 929.845 0.000245507
2.69159e-07 56 26 -3.74107e-09 930.357 929.845 0.000250417
2.74542e-07 56 26 -3.83947e-09 930.356 929.844 0.000255426
2.80033e-07 56 26 -3.94041e-09 930.356 929.844 0.000260534
2.85633e-07 56 26 -4.04395e-09 930.355 929.843 0.000265745
2.91346e-07 56 26 -4.15013e-09 930.355 929.843 0.00027106
2.97173e-07 56 26 -4.25904e-09 930.355 929.843 0.000276481
3.03117e-07 56 26 -4.37073e-09 930.354 929.842 0.00028201
3.09179e-07 56 26 -4.48528e-09 930.354 929.842 0.00028765
3.15362e-07 56 26 -4.60274e-09 930.354 929.841 0.000293403
3.2167e-07 56 26 -4.7232e-09 930.353 929.841 0.000299271
3.28103e-07 56 26 -4.84671e-09 930.353 929.841 0.000305256
3.34665e-07 56 26 -4.97335e-09 930.352 929.84 0.000311361
3.41358e-07 56 26 -5.1032e-09 930.352 929.84 0.000317589
3.48186e-07 56 26 -5.23633e-09 930.352 929.839 0.00032394
3.55149e-07 56 26 -5.37282e-09 930.351 929.839 0.000330419
3.62252e-07 56 26 -5.51274e-09 930.351 929.839 0.000337027
3.69497e-07 56 26 -5.65617e-09 930.35 929.838 0.000343768
3.76887e-07 56 26 -5.80319e-09 930.35 929.838 0.000350643
3.84425e-07 56 26 -5.95388e-09 930.35 929.837 0.000357656
3.92114e-07 56 26 -6.10833e-09 930.349 929.837 0.000364809
3.99956e-07 56 26 -6.26662e-09 930.349 929.836 0.000372105
4.07955e-07 56 26 -6.42882e-09 930.348 929.836 0.000379547
4.16114e-07 56 26 -6.59504e-09 930.348 929.835 0.000387137
4.24436e-07 56 26 -6.76536e-09 930.348 929.835 0.00039488
4.32925e-07 56 26 -6.93986e-09 930.347 929.835 0.000402778
4.41584e-07 56 26 -7.11863e-09 930.347 929.834 0.000410833
4.50415e-07 56 26 -7.30177e-09 930.346 929.834 0.000419049
4.59424e-07 56 26 -7.48936e-09 930.346 929.833 0.00042743
4.68612e-07 56 26 -7.68151e-09 930.346 929.833 0.000435979
4.77984e-07 56 26 -7.87829e-09 930.345 929.832 0.000444698
4.87544e-07 56 26 -8.07981e-09 930.345 929.832 0.000453592
4.97295e-07 56 26 -8.28616e-09 930.344 929.831 0.000462664
5.07241e-07 56 26 -8.49743e-09 930.344 929.831 0.000471917
5.17386e-07 56 26 -8.71372e-09 930.343 929.83 0.000481355
5.27733e-07 56 26 -8.93513e-09 930.343 929.83 0.000490982
5.38288e-07 56 26 -9.16175e-09 930.343 929.829 0.000500801
5.49054e-07 56 26 -9.39368e-09 930.342 929.829 0.000510817
5.60035e-07 56 26 -9.63101e-09 930.342 929.828 0.000521033
5.71235e-07 56 26 -9.87385e-09 930.341 929.828 0.000531454
5.8266e-07 56 26 -1.01223e-08 930.341 929.827 0.000542083
5.94313e-07 56 26 -1.03764e-08 930.34 929.826 0.000552924
6.062e-07 56 26 -1.06363e-08 930.34 929.826 0.000563982
6.18324e-07 56 26 -1.09021e-08 930.34 929.825 0.000575262
6.3069e-07 56 26 -1.11739e-08 930.339 929.825 0.000586767
6.43304e-07 56 26 -1.14517e-08 930.339 929.824 0.000598502
6.5617e-07 56 26 -1.17357e-08 930.338 929.824 0.000610472
6.69293e-07 56 26 -1.20259e-08 930.338 929.823 0.000622681
6.82679e-07 56 26 -1.23224e-08 930.337 929.823 0.000635134
6.96333e-07 56 26 -1.26253e-08 930.337 929.822 0.000647837
7.10259e-07 56 26 -1.29348e-08 930.337 929.821 0.000660793
7.24465e-07 56 26 -1.32508e-08 930.336 929.821 0.000674009
7.38954e-07 56 26 -1.35734e-08 930.336 929.82 0.000687489
7.53733e-07 56 26 -1.39027e-08 930.335 929.82 0.000701238
7.68808e-07 56 26 -1.42388e-08 930.335 929.819 0.000715263
7.84184e-07 56 26 -1.45817e-08 930.334 929.818 0.000729568
7.99867e-07 56 26 -1.49315e-08 930.334 929.818 0.000744159
8.15865e-07 56 26 -1.52881e-08 930.333 929.817 0.000759042
8.32182e-07 56 26 -1.56518e-08 930.333 929.816 0.000774222
8.48826e-07 56 26 -1.60224e-08 930.333 929.816 0.000789706
8.65802e-07 56 26 -1.64e-08 930.332 929.815 0.0008055
8.83118e-07 56 26 -1.67847e-08 930.332 929.814 0.00082161
9.00781e-07 56 26 -1.71764e-08 930.331 929.814 0.000838042
9.18796e-07 56 26 -1.7575e-08 930.331 929.813 0.000854802
9.37172e-07 56 26 -1.79807e-08 930.33 929.812 0.000871898
9.55916e-07 56 26 -1.83933e-08 930.33 929.812 0.000889335
9.75034e-07 56 26 -1.88129e-08 930.329 929.811 0.000907122
9.94535e-07 56 26 -1.92393e-08 930.329 929.81 0.000925264
1.01443e-06 56 26 -1.96724e-08 930.329 929.809 0.000943769
1.03471e-06 56 26 -2.01123e-08 930.328 929.809 0.000962644
1.05541e-06 56 26 -2.05587e-08 930.328 929.808 0.000981896
1.07652e-06 56 26 -2.10115e-08 930.327 929.807 0.00100153
1.09805e-06 56 26 -2.14706e-08 930.327 929.806 0.00102156
1.12001e-06 56 26 -2.19358e-08 930.326 929.806 0.00104199
1.14241e-06 56 26 -2.24068e-08 930.326 929.805 0.00106283
1.16526e-06 56 26 -2.28835e-08 930.326 929.804 0.00108409
1.18856e-06 56 26 -2.33656e-08 930.325 929.803 0.00110577
1.21233e-06 56 26 -2.38528e-08 930.325 929.802 0.00112789
1.23658e-06 56 26 -2.43448e-08 930.324 929.801 0.00115044
1.26131e-06 56 26 -2.48411e-08 930.324 929.801 0.00117345
1.28654e-06 56 26 -2.53415e-08 930.324 929.8 0.00119692
1.31227e-06 56 26 -2.58455e-08 930.323 929.799 0.00122086
1.33851e-06 56 26 -2.63525e-08 930.323 929.798 0.00124528
1.36528e-06 56 26 -2.68621e-08 930.322 929.797 0.00127018
1.39259e-06 56 26 -2.73737e-08 930.322 929.796 0.00129558
1.42044e-06 56 26 -2.78866e-08 930.322 929.795 0.00132149
1.44885e-06 56 26 -2.84002e-08 930.321 929.794 0.00134792
1.47783e-06 56 26 -2.89137e-08 930.321 929.793 0.00137488
1.50738e-06 56 26 -2.94263e-08 930.321 929.792 0.00140238
1.53753e-06 56 26 -2.99371e-08 930.32 929.791 0.00143043
1.56828e-06 56 26 -3.04452e-08 930.32 929.79 0.00145903
1.59965e-06 56 26 -3.09496e-08 930.32 929.789 0.00148821
1.63164e-06 56 26 -3.14492e-08 930.319 929.788 0.00151798
1.66427e-06 56 26 -3.19427e-08 930.319 929.787 0.00154834
1.69756e-06 56 26 -3.24289e-08 930.319 929.785 0.0015793
1.73151e-06 56 26 -3.29064e-08 930.319 929.784 0.00161089
1.76614e-06 56 26 -3.33738e-08 930.318 929.783 0.0016431
1.80146e-06 56 26 -3.38294e-08 930.318 929.782 0.00167597
1.83749e-06 56 26 -3.42715e-08 930.318 929.781 0.00170948
1.87424e-06 56 26 -3.46984e-08 930.318 929.779 0.00174367
1.91173e-06 56 26 -3.51081e-08 930.317 929.778 0.00177855
1.94996e-06 56 26 -3.54984e-08 930.317 929.777 0.00181412
1.98896e-06 56 26 -3.58673e-08 930.317 929.775 0.0018504
2.02874e-06 56 26 -3.62122e-08 930.317 929.774 0.00188741
2.06931e-06 56 26 -3.65307e-08 930.317 929.773 0.00192515
2.1107e-06 56 26 -3.682e-08 930.316 929.771 0.00196366
2.15291e-06 56 26 -3.70773e-08 930.316 929.77 0.00200293
2.19597e-06 56 26 -3.72994e-08 930.316 929.768 0.00204299
2.23989e-06 56 26 -3.74832e-08 930.316 929.767 0.00208384
2.28469e-06 56 26 -3.76252e-08 930.316 929.765 0.00212552
2.33038e-06 56 26 -3.77216e-08 930.316 929.764 0.00216803
2.37699e-06 56 26 -3.77685e-08 930.316 929.762 0.00221139
2.42453e-06 56 26 -3.77617e-08 930.316 929.76 0.00225562
2.47302e-06 56 26 -3.76969e-08 930.316 929.759 0.00230073
2.52248e-06 56 26 -3.75693e-08 930.316 929.757 0.00234674
2.57293e-06 56 26 -3.73739e-08 930.316 929.755 0.00239368
2.62439e-06 56 26 -3.71056e-08 930.316 929.753 0.00244155
2.67688e-06 56 26 -3.67586e-08 930.316 929.752 0.00249038
2.73042e-06 56 26 -3.63271e-08 930.317 929.75 0.00254019
2.78502e-06 56 26 -3.58048e-08 930.317 929.748 0.00259099
2.84072e-06 56 26 -3.51852e-08 930.317 929.746 0.00264281
2.89754e-06 56 26 -3.44611e-08 930.317 929.744 0.00269566
2.95549e-06 56 26 -3.36253e-08 930.318 929.742 0.00274958
3.0146e-06 56 26 -3.26699e-08 930.318 929.739 0.00280457
3.07489e-06 56 26 -3.15868e-08 930.318 929.737 0.00286066
3.13639e-06 56 26 -3.03671e-08 930.319 929.735 0.00291787
3.19912e-06 56 26 -2.90018e-08 930.319 929.733 0.00297623
3.2631e-06 56 26 -2.74811e-08 930.319 929.73 0.00303575
3.32836e-06 56 26 -2.57951e-08 930.32 929.728 0.00309647
3.39493e-06 56 26 -2.39328e-08 930.321 929.725 0.0031584
3.46283e-06 56 26 -2.1883e-08 930.321 929.723 0.00322156
3.53208e-06 56 26 -1.96675e-08 930.322 929.72 0.00328599
3.60272e-06 56 26 -1.72077e-08 930.322 929.718 0.00335171
3.67478e-06 56 26 -1.45231e-08 930.323 929.715 0.00341875
3.74827e-06 56 26 -1.15997e-08 930.324 929.712 0.00348712
3.82324e-06 56 26 -8.42323e-09 930.325 929.709 0.00355686
3.89971e-06 56 26 -4.97827e-09 930.326 929.706 0.003628
3.9777e-06 56 26 -1.24897e-09 930.327 929.703 0.00370056
4.05725e-06 56 26 2.78144e-09 930.328 929.7 0.00377457
4.1384e-06 56 26 7.13061e-09 930.329 929.697 0.00385006
4.22117e-06 56 26 1.18169e-08 930.33 929.693 0.00392707
4.30559e-06 56 26 1.68596e-08 930.331 929.69 0.00400561
4.3917e-06 56 26 2.2279e-08 930.332 929.687 0.00408572
4.47954e-06 56 26 2.80965e-08 930.334 929.683 0.00416743
4.56913e-06 56 26 3.43339e-08 930.335 929.679 0.00425078
4.66051e-06 56 26 4.10148e-08 930.336 929.676 0.0043358
4.75372e-06 56 26 4.81633e-08 930.338 929.672 0.00442252
4.84879e-06 56 26 5.5805e-08 930.34 929.668 0.00451097
4.94577e-06 56 26 6.39662e-08 930.341 929.664 0.00460119
5.04468e-06 56 26 7.26751e-08 930.343 929.66 0.00469321
5.14558e-06 56 26 8.19607e-08 930.345 929.656 0.00478708
5.24849e-06 56 26 9.18531e-08 930.347 929.651 0.00488282
5.35346e-06 56 26 1.02384e-07 930.349 929.647 0.00498048
5.46053e-06 56 26 1.13587e-07 930.351 929.642 0.00508009
5.56974e-06 56 26 1.25496e-07 930.353 929.638 0.0051817
5.68113e-06 56 26 1.38148e-07 930.355 929.633 0.00528533
5.79476e-06 56 26 1.5158e-07 930.357 929.628 0.00539104
5.91065e-06 56 26 1.65832e-07 930.36 929.623 0.00549887
6.02886e-06 56 26 1.80944e-07 930.362 929.618 0.00560885
6.14944e-06 56 26 1.96959e-07 930.365 929.612 0.00572103
6.27243e-06 56 26 2.13922e-07 930.368 929.607 0.00583545
6.39788e-06 56 26 2.31879e-07 930.371 929.601 0.00595217
6.52584e-06 56 26 2.5088e-07 930.374 929.596 0.00607122
6.65635e-06 56 26 2.70973e-07 930.377 929.59 0.00619265
6.78948e-06 56 26 2.92212e-07 930.38 929.584 0.0063165
6.92527e-06 56 26 3.14653e-07 930.383 929.578 0.00644284
7.06378e-06 56 26 3.38351e-07 930.386 929.571 0.0065717
7.20505e-06 56 26 3.63366e-07 930.39 929.565 0.00670314
7.34915e-06 56 26 3.89761e-07 930.394 929.558 0.00683721
7.49614e-06 62 28 3.63291e-07 930.39 929.559 0.00697397
7.64606e-06 62 28 3.90125e-07 930.394 929.552 0.00711345
7.79898e-06 62 28 4.18431e-07 930.397 929.545 0.00725573
7.95496e-06 62 28 4.48279e-07 930.401 929.538 0.00740085
8.11406e-06 62 28 4.79739e-07 930.405 929.531 0.00754888
8.27634e-06 62 28 5.12887e-07 930.409 929.523 0.00769987
8.44187e-06 62 28 5.47799e-07 930.413 929.515 0.00785388
8.6107e-06 62 28 5.84556e-07 930.417 929.508 0.00801096
8.78292e-06 62 28 6.23242e-07 930.422 929.5 0.0081712
8.95858e-06 62 28 6.63944e-07 930.426 929.491 0.00833463
9.13775e-06 62 28 7.06754e-07 930.431 929.483 0.00850134
9.3205e-06 62 28 7.51766e-07 930.436 929.474 0.00867138
9.50691e-06 62 28 7.99078e-07 930.441 929.465 0.00884482
9.69705e-06 62 28 8.48792e-07 930.446 929.456 0.00902174
9.89099e-06 62 28 9.01017e-07 930.452 929.447 0.00920219
1.00888e-05 62 28 9.55862e-07 930.457 929.438 0.00938625
1.02906e-05 62 28 1.01344e-06 930.463 929.428 0.009574
1.04964e-05 62 28 1.07388e-06 930.469 929.418 0.0097655
1.07063e-05 62 28 1.1373e-06 930.475 929.408 0.00996083
1.09205e-05 62 28 1.20383e-06 930.481 929.398 0.0101601
1.11389e-05 62 28 1.27361e-06 930.487 929.387 0.0103633
1.13616e-05 62 28 1.34678e-06 930.494 929.376 0.0105706
1.15889e-05 62 28 1.42348e-06 930.5 929.365 0.010782
1.18207e-05 62 28 1.50387e-06 930.507 929.354 0.0109977
1.20571e-05 62 28 1.58811e-06 930.514 929.343 0.0112177
1.22982e-05 62 28 1.67637e-06 930.521 929.331 0.0114421
1.25442e-05 62 28 1.7688e-06 930.529 929.319 0.0116709
1.27951e-05 62 28 1.86561e-06 930.536 929.307 0.0119044
1.3051e-05 62 28 1.96696e-06 930.544 929.294 0.0121425
1.3312e-05 62 28 2.07306e-06 930.552 929.281 0.0123854
1.35782e-05 62 28 2.18411e-06 930.561 929.268 0.0126332
1.38498e-05 62 28 2.30032e-06 930.569 929.255 0.0128859
1.41268e-05 62 28 2.4219e-06 930.578 929.241 0.0131436
1.44093e-05 62 28 2.54909e-06 930.587 929.227 0.0134066
1.46975e-05 62 28 2.68212e-06 930.596 929.213 0.0136747
1.49914e-05 62 28 2.82125e-06 930.605 929.198 0.0139483
1.52913e-05 62 28 2.96671e-06 930.615 929.184 0.0142273
1.55971e-05 62 28 3.1188e-06 930.625 929.168 0.0145119
1.5909e-05 62 28 3.27777e-06 930.635 929.153 0.0148022
1.62272e-05 62 28 3.44393e-06 930.645 929.137 0.0150983
1.65518e-05 62 28 3.61757e-06 930.656 929.121 0.0154004
1.68828e-05 62 28 3.79901e-06 930.667 929.104 0.0157085
1.72205e-05 62 28 3.98858e-06 930.678 929.088 0.0160227
1.75649e-05 62 28 4.18661e-06 930.689 929.071 0.0163432
1.79162e-05 62 28 4.39346e-06 930.701 929.053 0.0166702
1.82745e-05 62 28 4.60949e-06 930.713 929.035 0.0170037
1.864e-05 62 28 4.8351e-06 930.725 929.017 0.0173439
1.90128e-05 62 28 5.07068e-06 930.737 928.998 0.0176908
1.9393e-05 62 28 5.31665e-06 930.75 928.979 0.0180448
1.97809e-05 62 28 5.57343e-06 930.763 928.96 0.0184058
2.01765e-05 62 28 5.84149e-06 930.777 928.94 0.018774
2.058e-05 62 28 6.12128e-06 930.79 928.92 0.0191496
2.09916e-05 62 28 6.41329e-06 930.805 928.899 0.0195327
2.14115e-05 62 28 6.71805e-06 930.819 928.878 0.0199235
2.18397e-05 62 28 7.03606e-06 930.834 928.857 0.0203221
2.22765e-05 62 28 7.36788e-06 930.849 928.835 0.0207287
2.2722e-05 62 28 7.7141e-06 930.864 928.813 0.0211434
2.31765e-05 62 28 8.07529e-06 930.88 928.79 0.0215664
2.364e-05 62 28 8.45208e-06 930.896 928.767 0.0219979
2.41128e-05 62 28 8.84513e-06 930.912 928.743 0.0224381
2.45951e-05 62 28 9.25509e-06 930.929 928.719 0.022887
2.5087e-05 62 28 9.68267e-06 930.946 928.694 0.0233449
2.55887e-05 62 28 1.01286e-05 930.964 928.669 0.023812
2.61005e-05 62 28 1.05936e-05 930.982 928.643 0.0242885
2.66225e-05 62 28 1.10786e-05 931 928.617 0.0247745
2.71549e-05 62 28 1.15842e-05 931.019 928.591 0.0252702
2.7698e-05 62 28 1.21114e-05 931.038 928.563 0.0257758
2.8252e-05 62 28 1.26611e-05 931.058 928.536 0.0262916
2.8817e-05 62 28 1.32342e-05 931.078 928.507 0.0268177
2.93934e-05 62 28 1.38316e-05 931.099 928.478 0.0273543
2.99812e-05 62 28 1.44544e-05 931.12 928.449 0.0279017
3.05809e-05 62 28 1.51036e-05 931.141 928.419 0.02846
3.11925e-05 62 28 1.57802e-05 931.163 928.388 0.0290295
3.18163e-05 62 28 1.64855e-05 931.185 928.357 0.0296104
3.24526e-05 62 28 1.72206e-05 931.208 928.325 0.030203
3.31017e-05 62 28 1.79867e-05 931.232 928.293 0.0308074
3.37637e-05 62 28 1.87851e-05 931.256 928.259 0.0314239
3.4439e-05 62 28 1.96171e-05 931.28 928.226 0.0320527
3.51278e-05 62 28 2.04842e-05 931.305 928.191 0.0326942
3.58303e-05 62 28 2.13877e-05 931.33 928.156 0.0333485
3.6547e-05 64 28 2.08379e-05 931.315 928.177 0.0340159
3.72779e-05 64 28 2.17563e-05 931.34 928.141 0.0346966
3.80235e-05 64 28 2.27132e-05 931.365 928.104 0.035391
3.87839e-05 64 28 2.37102e-05 931.391 928.067 0.0360993
3.95596e-05 64 28 2.47491e-05 931.418 928.028 0.0368218
4.03508e-05 64 28 2.58314e-05 931.445 927.989 0.0375587
4.11578e-05 64 28 2.6959e-05 931.472 927.949 0.0383104
4.1981e-05 64 28 2.81338e-05 931.501 927.908 0.0390772
4.28206e-05 64 28 2.93576e-05 931.53 927.867 0.0398593
4.3677e-05 88 38 2.90551e-05 931.523 927.836 0.0406571
4.45505e-05 88 38 3.03283e-05 931.552 927.792 0.0414708
4.54415e-05 88 38 3.16549e-05 931.581 927.748 0.0423008
4.63504e-05 88 38 3.30371e-05 931.611 927.703 0.0431475
4.72774e-05 88 38 3.44772e-05 931.642 927.656 0.0440111
4.82229e-05 87 37 3.48953e-05 931.651 927.647 0.044892
4.91874e-05 87 37 3.6412e-05 931.682 927.6 0.0457906
5.01711e-05 86 36 3.68042e-05 931.69 927.592 0.0467071
5.11746e-05 86 36 3.83994e-05 931.721 927.542 0.047642
5.2198e-05 86 36 4.00612e-05 931.753 927.492 0.0485956
5.3242e-05 86 36 4.17922e-05 931.786 927.441 0.0495684
5.43069e-05 86 36 4.35954e-05 931.82 927.389 0.0505606
5.5393e-05 86 36 4.54738e-05 931.854 927.336 0.0515727
5.65008e-05 86 36 4.74302e-05 931.889 927.281 0.0526051
5.76309e-05 86 36 4.94681e-05 931.925 927.226 0.0536582
5.87835e-05 86 36 5.15907e-05 931.961 927.17 0.0547323
5.99592e-05 86 36 5.38015e-05 931.998 927.112 0.055828
6.11583e-05 86 36 5.61042e-05 932.036 927.053 0.0569457
6.23815e-05 86 36 5.85024e-05 932.075 926.994 0.0580857
6.36291e-05 86 36 6.1e-05 932.115 926.933 0.0592487
6.49017e-05 86 36 6.36013e-05 932.155 926.871 0.0604349
6.61997e-05 86 36 6.63104e-05 932.197 926.807 0.0616449
6.75237e-05 86 36 6.91317e-05 932.239 926.742 0.0628791
6.88742e-05 86 36 7.20698e-05 932.282 926.677 0.0641381
7.02517e-05 86 36 7.51295e-05 932.326 926.609 0.0654223
7.16567e-05 86 36 7.83158e-05 932.371 926.541 0.0667323
7.30899e-05 86 36 8.16338e-05 932.417 926.471 0.0680686
7.45517e-05 86 36 8.5089e-05 932.463 926.4 0.0694316
7.60427e-05 86 36 8.8687e-05 932.511 926.327 0.070822
7.75636e-05 84 34 8.6441e-05 932.483 926.383 0.0722402
7.91148e-05 84 34 9.00907e-05 932.529 926.308 0.0736868
8.06971e-05 84 34 9.3891e-05 932.577 926.232 0.0751624
8.23111e-05 84 34 9.7848e-05 932.625 926.155 0.0766675
8.39573e-05 84 34 0.000101968 932.675 926.076 0.0782029
8.56364e-05 84 34 0.000106258 932.725 925.995 0.079769
8.73492e-05 84 34 0.000110725 932.777 925.913 0.0813666
8.90961e-05 84 34 0.000115376 932.83 925.829 0.0829962
9.08781e-05 84 34 0.000120218 932.884 925.744 0.0846584
9.26956e-05 84 34 0.00012526 932.939 925.656 0.0863541
9.45495e-05 84 34 0.000130509 932.995 925.568 0.0880837
9.64405e-05 84 34 0.000135974 933.052 925.477 0.089848
9.83693e-05 84 34 0.000141664 933.11 925.385 0.0916478
0.000100337 84 34 0.000147587 933.17 925.29 0.0934836
0.000102343 84 34 0.000153754 933.231 925.194 0.0953563
0.00010439 84 34 0.000160175 933.293 925.096 0.0972666
0.000106478 84 34 0.000166859 933.356 924.996 0.0992152
0.000108608 84 34 0.000173817 933.421 924.895 0.101203
0.00011078 84 34 0.000181062 933.487 924.791 0.10323
0.000112995 84 34 0.000188603 933.554 924.685 0.105299
0.000115255 84 34 0.000196454 933.623 924.577 0.107409
0.00011756 84 34 0.000204627 933.693 924.467 0.109561
0.000119912 84 34 0.000213136 933.765 924.354 0.111756
0.00012231 84 34 0.000221993 933.838 924.24 0.113996
0.000124756 84 34 0.000231213 933.913 924.123 0.11628
0.000127251 82 32 0.000223931 933.856 924.228 0.11861
0.000129796 82 32 0.000233223 933.928 924.108 0.120987
0.000132392 82 32 0.000242895 934.002 923.986 0.123412
0.00013504 82 32 0.000252964 934.077 923.861 0.125885
0.000137741 82 32 0.000263445 934.154 923.734 0.128408
0.000140496 82 32 0.000274354 934.232 923.605 0.130981
0.000143306 82 32 0.000285711 934.312 923.473 0.133606
0.000146172 82 32 0.000297532 934.394 923.338 0.136284
0.000149095 82 32 0.000309836 934.477 923.201 0.139016
0.000152077 82 32 0.000322644 934.562 923.061 0.141803
0.000155119 132 50 0.000310552 934.482 923.095 0.144645
0.000158221 132 50 0.000323467 934.565 922.95 0.147544
0.000161385 132 50 0.000336913 934.649 922.802 0.150502
0.000164613 132 50 0.00035091 934.735 922.652 0.153519
0.000167905 132 50 0.000365482 934.822 922.498 0.156596
0.000171263 132 50 0.000380651 934.912 922.341 0.159736
0.000174689 132 50 0.000396442 935.003 922.182 0.162938
0.000178182 132 50 0.000412881 935.096 922.019 0.166205
0.000181746 132 50 0.000429994 935.191 921.853 0.169537
0.000185381 132 50 0.000447808 935.288 921.684 0.172937
0.000189089 132 50 0.000466352 935.387 921.511 0.176405
0.00019287 132 50 0.000485655 935.489 921.335 0.179942
0.000196728 132 50 0.000505749 935.592 921.155 0.183551
0.000200662 132 50 0.000526666 935.697 920.972 0.187233
0.000204676 128 46 0.000494035 935.538 921.288 0.190988
0.000208769 128 46 0.00051445 935.637 921.102 0.194818
0.000212945 128 46 0.000535701 935.738 920.912 0.198724
0.000217203 128 46 0.00055782 935.84 920.719 0.20271
0.000221547 128 46 0.000580844 935.945 920.522 0.206775
0.000225978 128 46 0.00060481 936.052 920.321 0.210923
0.000230498 128 46 0.000629756 936.162 920.116 0.215154
0.000235108 128 46 0.000655721 936.273 919.907 0.21947
0.00023981 128 46 0.000682748 936.387 919.694 0.223872
0.000244606 128 46 0.000710879 936.503 919.476 0.228364
0.000249498 128 46 0.00074016 936.622 919.255 0.232946
0.000254488 128 46 0.000770636 936.743 919.028 0.23762
0.000259578 128 46 0.000802358 936.866 918.798 0.242388
0.00026477 126 44 0.000789033 936.816 918.908 0.247251
0.000270065 126 44 0.00082149 936.937 918.671 0.252213
0.000275466 126 44 0.000855272 937.061 918.43 0.257274
0.000280976 126 44 0.000890433 937.187 918.184 0.262437
0.000286595 124 42 0.000872411 937.126 918.325 0.267703
0.000292327 124 42 0.000908255 937.25 918.073 0.273075
0.000298174 124 42 0.000945562 937.376 917.816 0.278555
0.000304137 124 42 0.000984389 937.505 917.554 0.284146
0.00031022 124 42 0.0010248 937.636 917.287 0.289849
0.000316424 124 42 0.00106686 937.771 917.014 0.295667
0.000322753 124 42 0.00111063 937.908 916.736 0.301602
0.000329208 124 42 0.00115619 938.047 916.453 0.307656
0.000335792 126 42 0.00116515 938.075 916.398 0.313833
0.000342508 122 40 0.00117438 938.103 916.355 0.320133
0.000349358 122 40 0.00122251 938.242 916.059 0.32656
0.000356345 122 40 0.00127261 938.384 915.758 0.333116
0.000363472 124 40 0.00128178 938.41 915.704 0.339804
0.000370742 124 40 0.00133429 938.553 915.393 0.346626
0.000378156 124 40 0.00138895 938.699 915.076 0.353586
0.00038572 124 40 0.00144582 938.848 914.753 0.360686
0.000393434 122 38 0.00140354 938.74 915.009 0.367929
0.000401303 122 38 0.00146099 938.885 914.679 0.375316
0.000409329 122 38 0.00152078 939.032 914.343 0.382852
0.000417515 122 38 0.001583 939.183 914 0.39054
0.000425866 122 38 0.00164775 939.336 913.65 0.398383
0.000434383 124 38 0.00165961 939.363 913.585 0.406384
0.00044307 124 38 0.00172748 939.518 913.225 0.414545
0.000451932 126 38 0.00174082 939.547 913.154 0.422871
0.000460971 126 38 0.001812 939.703 912.782 0.431363
