1e-07 56 26 -1.01107e-09 930.372 929.86 9.30383e-05
1.02e-07 56 26 -1.03807e-09 930.372 929.86 9.4899e-05
1.0404e-07 56 26 -1.06578e-09 930.372 929.86 9.6797e-05
1.06121e-07 56 26 -1.09423e-09 930.372 929.86 9.87329e-05
1.08243e-07 56 26 -1.12344e-09 930.371 929.859 0.000100708
1.10408e-07 56 26 -1.15343e-09 930.371 929.859 0.000102722
1.12616e-07 56 26 -1.18422e-09 930.371 929.859 0.000104776
1.14869e-07 56 26 -1.21582e-09 930.37 929.858 0.000106872
1.17166e-07 56 26 -1.24827e-09 930.37 929.858 0.000109009
1.19509e-07 56 26 -1.28158e-09 930.37 929.858 0.000111189
1.21899e-07 56 26 -1.31577e-09 930.37 929.858 0.000113413
1.24337e-07 56 26 -1.35088e-09 930.369 929.857 0.000115681
1.26824e-07 56 26 -1.38691e-09 930.369 929.857 0.000117995
1.29361e-07 56 26 -1.42391e-09 930.369 929.857 0.000120355
1.31948e-07 56 26 -1.46189e-09 930.368 929.857 0.000122762
1.34587e-07 56 26 -1.50088e-09 930.368 929.856 0.000125217
1.37279e-07 56 26 -1.54091e-09 930.368 929.856 0.000127721
1.40024e-07 56 26 -1.582e-09 930.368 929.856 0.000130275
1.42825e-07 56 26 -1.62418e-09 930.367 929.855 0.000132881
1.45681e-07 56 26 -1.66748e-09 930.367 929.855 0.000135539
1.48595e-07 56 26 -1.71193e-09 930.367 929.855 0.000138249
1.51567e-07 56 26 -1.75756e-09 930.366 929.854 0.000141014
1.54598e-07 56 26 -1.8044e-09 930.366 929.854 0.000143834
1.5769e-07 56 26 -1.85248e-09 930.366 929.854 0.000146711
1.60844e-07 56 26 -1.90184e-09 930.365 929.854 0.000149645
1.64061e-07 56 26 -1.95251e-09 930.365 929.853 0.000152638
1.67342e-07 56 26 -2.00452e-09 930.365 929.853 0.000155691
1.70689e-07 56 26 -2.05791e-09 930.364 929.853 0.000158805
1.74102e-07 56 26 -2.11271e-09 930.364 929.852 0.000161981
1.77584e-07 56 26 -2.16896e-09 930.364 929.852 0.00016522
1.81136e-07 56 26 -2.22671e-09 930.363 929.852 0.000168525
1.84759e-07 56 26 -2.28598e-09 930.363 929.851 0.000171895
1.88454e-07 56 26 -2.34682e-09 930.363 929.851 0.000175333
1.92223e-07 56 26 -2.40926e-09 930.362 929.851 0.00017884
1.96068e-07 56 26 -2.47336e-09 930.362 929.85 0.000182416
1.99989e-07 56 26 -2.53915e-09 930.362 929.85 0.000186065
2.03989e-07 56 26 -2.60668e-09 930.361 929.85 0.000189786
2.08069e-07 56 26 -2.67599e-09 930.361 929.849 0.000193582
2.1223e-07 56 26 -2.74713e-09 930.361 929.849 0.000197453
2.16474e-07 56 26 -2.82015e-09 930.36 929.849 0.000201402
2.20804e-07 56 26 -2.89509e-09 930.36 929.848 0.00020543
2.2522e-07 56 26 -2.97201e-09 930.36 929.848 0.000209539
2.29724e-07 56 26 -3.05095e-09 930.359 929.848 0.000213729
2.34319e-07 56 26 -3.13198e-09 930.359 929.847 0.000218004
2.39005e-07 56 26 -3.21513e-09 930.359 929.847 0.000222364
2.43785e-07 56 26 -3.30047e-09 930.358 929.847 0.000226811
2.48661e-07 56 26 -3.38805e-09 930.358 929.846 0.000231347
2.53634e-07 56 26 -3.47793e-09 930.358 929.846 0.000235974
2.58707e-07 56 26 -3.57017e-09 930.357 929.845 0.000240694
2.63881e-07 56 26 -3.66483e-09 930.357 929.845 0.000245507
2.69159e-07 56 26 -3.76197e-09 930.356 929.845 0.000250417
2.74542e-07 56 26 -3.86166e-09 930.356 929.844 0.000255426
2.80033e-07 56 26 -3.96395e-09 930.356 929.844 0.000260534
2.85633e-07 56 26 -4.06892e-09 930.355 929.844 0.000265745
2.91346e-07 56 26 -4.17664e-09 930.355 929.843 0.00027106
2.97173e-07 56 26 -4.28716e-09 930.355 929.843 0.000276481
3.03117e-07 56 26 -4.40058e-09 930.354 929.842 0.00028201
3.09179e-07 56 26 -4.51694e-09 930.354 929.842 0.00028765
3.15362e-07 56 26 -4.63634e-09 930.353 929.842 0.000293403
3.2167e-07 56 26 -4.75885e-09 930.353 929.841 0.000299271
3.28103e-07 56 26 -4.88454e-09 930.353 929.841 0.000305256
3.34665e-07 56 26 -5.0135e-09 930.352 929.84 0.000311361
3.41358e-07 56 26 -5.1458e-09 930.352 929.84 0.000317589
3.48186e-07 56 26 -5.28153e-09 930.351 929.84 0.00032394
3.55149e-07 56 26 -5.42078e-09 930.351 929.839 0.000330419
3.62252e-07 56 26 -5.56363e-09 930.351 929.839 0.000337027
3.69497e-07 56 26 -5.71017e-09 930.35 929.838 0.000343768
3.76887e-07 56 26 -5.86049e-09 930.35 929.838 0.000350643
3.84425e-07 56 26 -6.01468e-09 930.349 929.837 0.000357656
3.92114e-07 56 26 -6.17284e-09 930.349 929.837 0.000364809
3.99956e-07 56 26 -6.33507e-09 930.349 929.837 0.000372105
4.07955e-07 56 26 -6.50146e-09 930.348 929.836 0.000379547
4.16114e-07 56 26 -6.67211e-09 930.348 929.836 0.000387137
4.24436e-07 56 26 -6.84713e-09 930.347 929.835 0.00039488
4.32925e-07 56 26 -7.02662e-09 930.347 929.835 0.000402778
4.41584e-07 56 26 -7.2107e-09 930.347 929.834 0.000410833
4.50415e-07 56 26 -7.39946e-09 930.346 929.834 0.000419049
4.59424e-07 56 26 -7.59301e-09 930.346 929.833 0.00042743
4.68612e-07 56 26 -7.79148e-09 930.345 929.833 0.000435979
4.77984e-07 56 26 -7.99498e-09 930.345 929.833 0.000444698
4.87544e-07 56 26 -8.20362e-09 930.344 929.832 0.000453592
4.97295e-07 56 26 -8.41753e-09 930.344 929.832 0.000462664
5.07241e-07 56 26 -8.63682e-09 930.343 929.831 0.000471917
5.17386e-07 56 26 -8.86161e-09 930.343 929.831 0.000481355
5.27733e-07 56 26 -9.09205e-09 930.343 929.83 0.000490982
5.38288e-07 56 26 -9.32824e-09 930.342 929.83 0.000500801
5.49054e-07 56 26 -9.57033e-09 930.342 929.829 0.000510817
5.60035e-07 56 26 -9.81843e-09 930.341 929.829 0.000521033
5.71235e-07 56 26 -1.00727e-08 930.341 929.828 0.000531454
5.8266e-07 56 26 -1.03333e-08 930.34 929.828 0.000542083
5.94313e-07 56 26 -1.06002e-08 930.34 929.827 0.000552924
6.062e-07 56 26 -1.08738e-08 930.339 929.827 0.000563982
6.18324e-07 56 26 -1.11541e-08 930.339 929.826 0.000575262
6.3069e-07 56 26 -1.14412e-08 930.339 929.826 0.000586767
6.43304e-07 56 26 -1.17353e-08 930.338 929.825 0.000598502
6.5617e-07 56 26 -1.20366e-08 930.338 929.825 0.000610472
6.69293e-07 56 26 -1.23451e-08 930.337 929.824 0.000622681
6.82679e-07 56 26 -1.26611e-08 930.337 929.823 0.000635134
6.96333e-07 56 26 -1.29847e-08 930.336 929.823 0.000647837
7.10259e-07 56 26 -1.3316e-08 930.336 929.822 0.000660793
7.24465e-07 56 26 -1.36552e-08 930.335 929.822 0.000674009
7.38954e-07 56 26 -1.40024e-08 930.335 929.821 0.000687489
7.53733e-07 56 26 -1.43578e-08 930.334 929.821 0.000701238
7.68808e-07 56 26 -1.47216e-08 930.334 929.82 0.000715262
7.84184e-07 56 26 -1.50939e-08 930.333 929.819 0.000729567
7.99867e-07 56 26 -1.54748e-08 930.333 929.819 0.000744158
8.15865e-07 56 26 -1.58645e-08 930.332 929.818 0.000759041
8.32182e-07 56 26 -1.62632e-08 930.332 929.818 0.000774222
8.48826e-07 56 26 -1.66709e-08 930.331 929.817 0.000789706
8.65802e-07 56 26 -1.7088e-08 930.331 929.816 0.0008055
8.83118e-07 56 26 -1.75144e-08 930.33 929.816 0.000821609
9.00781e-07 56 26 -1.79504e-08 930.33 929.815 0.000838041
9.18796e-07 56 26 -1.8396e-08 930.329 929.815 0.000854802
9.37172e-07 56 26 -1.88515e-08 930.329 929.814 0.000871897
9.55916e-07 56 26 -1.9317e-08 930.328 929.813 0.000889335
9.75034e-07 56 26 -1.97925e-08 930.328 929.813 0.000907121
9.94535e-07 56 26 -2.02783e-08 930.327 929.812 0.000925263
1.01443e-06 56 26 -2.07744e-08 930.327 929.811 0.000943768
1.03471e-06 56 26 -2.1281e-08 930.326 929.811 0.000962643
1.05541e-06 56 26 -2.17982e-08 930.326 929.81 0.000981895
1.07652e-06 56 26 -2.2326e-08 930.325 929.809 0.00100153
1.09805e-06 56 26 -2.28646e-08 930.325 929.809 0.00102156
1.12001e-06 56 26 -2.34141e-08 930.324 929.808 0.00104199
1.14241e-06 56 26 -2.39745e-08 930.324 929.807 0.00106283
1.16526e-06 56 26 -2.45459e-08 930.323 929.806 0.00108409
1.18856e-06 56 26 -2.51284e-08 930.323 929.806 0.00110577
1.21233e-06 56 26 -2.5722e-08 930.323 929.805 0.00112789
1.23658e-06 56 26 -2.63267e-08 930.322 929.804 0.00115044
1.26131e-06 56 26 -2.69425e-08 930.322 929.803 0.00117345
1.28654e-06 56 26 -2.75695e-08 930.321 929.803 0.00119692
1.31227e-06 56 26 -2.82076e-08 930.321 929.802 0.00122086
1.33851e-06 56 26 -2.88568e-08 930.32 929.801 0.00124527
1.36528e-06 56 26 -2.9517e-08 930.32 929.8 0.00127018
1.39259e-06 56 26 -3.01881e-08 930.319 929.799 0.00129558
1.42044e-06 56 26 -3.087e-08 930.319 929.799 0.00132149
1.44885e-06 56 26 -3.15626e-08 930.318 929.798 0.00134792
1.47783e-06 56 26 -3.22657e-08 930.318 929.797 0.00137488
1.50738e-06 56 26 -3.29792e-08 930.317 929.796 0.00140238
1.53753e-06 56 26 -3.37027e-08 930.317 929.795 0.00143042
1.56828e-06 56 26 -3.44361e-08 930.316 929.794 0.00145903
1.59965e-06 56 26 -3.5179e-08 930.316 929.793 0.00148821
1.63164e-06 56 26 -3.5931e-08 930.315 929.792 0.00151798
1.66427e-06 56 26 -3.66919e-08 930.315 929.792 0.00154833
1.69756e-06 56 26 -3.74611e-08 930.314 929.791 0.0015793
1.73151e-06 56 26 -3.82383e-08 930.314 929.79 0.00161089
1.76614e-06 56 26 -3.90227e-08 930.313 929.789 0.0016431
1.80146e-06 56 26 -3.98139e-08 930.313 929.788 0.00167596
1.83749e-06 56 26 -4.06112e-08 930.313 929.787 0.00170948
1.87424e-06 56 26 -4.14138e-08 930.312 929.786 0.00174367
1.91173e-06 56 26 -4.2221e-08 930.312 929.785 0.00177854
1.94996e-06 56 26 -4.30319e-08 930.311 929.784 0.00181411
1.98896e-06 56 26 -4.38456e-08 930.311 929.782 0.00185039
2.02874e-06 56 26 -4.4661e-08 930.31 929.781 0.0018874
2.06931e-06 56 26 -4.54771e-08 930.31 929.78 0.00192515
2.1107e-06 56 26 -4.62925e-08 930.31 929.779 0.00196365
2.15291e-06 56 26 -4.7106e-08 930.309 929.778 0.00200292
2.19597e-06 56 26 -4.79161e-08 930.309 929.777 0.00204298
2.23989e-06 56 26 -4.87214e-08 930.309 929.776 0.00208384
2.28469e-06 56 26 -4.95202e-08 930.308 929.774 0.00212551
2.33038e-06 56 26 -5.03105e-08 930.308 929.773 0.00216802
2.37699e-06 56 26 -5.10907e-08 930.308 929.772 0.00221138
2.42453e-06 56 26 -5.18585e-08 930.307 929.771 0.00225561
2.47302e-06 56 26 -5.26117e-08 930.307 929.769 0.00230072
2.52248e-06 56 26 -5.33481e-08 930.307 929.768 0.00234673
2.57293e-06 56 26 -5.40649e-08 930.306 929.767 0.00239367
2.62439e-06 56 26 -5.47594e-08 930.306 929.765 0.00244154
2.67688e-06 56 26 -5.54288e-08 930.306 929.764 0.00249037
2.73042e-06 56 26 -5.60699e-08 930.306 929.762 0.00254018
2.78502e-06 56 26 -5.66793e-08 930.305 929.761 0.00259098
2.84072e-06 56 26 -5.72535e-08 930.305 929.759 0.0026428
2.89754e-06 56 26 -5.77886e-08 930.305 929.758 0.00269565
2.95549e-06 56 26 -5.82807e-08 930.305 929.756 0.00274956
3.0146e-06 56 26 -5.87252e-08 930.305 929.755 0.00280455
3.07489e-06 56 26 -5.91176e-08 930.304 929.753 0.00286064
3.13639e-06 56 26 -5.94531e-08 930.304 929.751 0.00291786
3.19912e-06 56 26 -5.97263e-08 930.304 929.75 0.00297621
3.2631e-06 56 26 -5.99318e-08 930.304 929.748 0.00303573
3.32836e-06 56 26 -6.00637e-08 930.304 929.746 0.00309645
3.39493e-06 56 26 -6.01156e-08 930.304 929.744 0.00315838
3.46283e-06 56 26 -6.00809e-08 930.304 929.742 0.00322154
3.53208e-06 56 26 -5.99527e-08 930.304 929.74 0.00328597
3.60272e-06 56 26 -5.97235e-08 930.304 929.738 0.00335169
3.67478e-06 56 26 -5.93853e-08 930.304 929.736 0.00341872
3.74827e-06 56 26 -5.89298e-08 930.304 929.734 0.0034871
3.82324e-06 56 26 -5.83481e-08 930.305 929.732 0.00355684
3.89971e-06 56 26 -5.76309e-08 930.305 929.73 0.00362797
3.9777e-06 56 26 -5.67684e-08 930.305 929.728 0.00370053
4.05725e-06 56 26 -5.57501e-08 930.305 929.726 0.00377454
4.1384e-06 56 26 -5.45649e-08 930.306 929.723 0.00385003
4.22117e-06 56 26 -5.32011e-08 930.306 929.721 0.00392703
4.30559e-06 56 26 -5.16466e-08 930.306 929.719 0.00400557
4.3917e-06 56 26 -4.98885e-08 930.307 929.716 0.00408568
4.47954e-06 56 26 -4.7913e-08 930.307 929.714 0.00416739
4.56913e-06 56 26 -4.57057e-08 930.308 929.711 0.00425074
4.66051e-06 56 26 -4.32516e-08 930.308 929.708 0.00433575
4.75372e-06 56 26 -4.05687e-08 930.309 929.706 0.00442247
4.84879e-06 56 26 -3.75734e-08 930.309 929.703 0.00451092
4.94577e-06 56 26 -3.4281e-08 930.31 929.7 0.00460113
5.04468e-06 56 26 -3.0673e-08 930.311 929.697 0.00469315
5.14558e-06 56 26 -2.67299e-08 930.311 929.694 0.00478702
5.24849e-06 56 26 -2.24312e-08 930.312 929.691 0.00488276
5.35346e-06 56 26 -1.77556e-08 930.313 929.688 0.00498041
5.46053e-06 56 26 -1.26803e-08 930.314 929.684 0.00508002
5.56974e-06 56 26 -7.182e-09 930.315 929.681 0.00518162
5.68113e-06 56 26 -1.23572e-09 930.316 929.678 0.00528525
5.79476e-06 56 26 5.18447e-09 930.317 929.674 0.00539096
5.91065e-06 56 26 1.21057e-08 930.318 929.671 0.00549878
6.02886e-06 56 26 1.95567e-08 930.32 929.667 0.00560875
6.14944e-06 56 26 2.7567e-08 930.321 929.663 0.00572093
6.27243e-06 56 26 3.61681e-08 930.322 929.659 0.00583535
6.39788e-06 56 26 4.53927e-08 930.324 929.655 0.00595205
6.52584e-06 56 26 5.52749e-08 930.325 929.651 0.0060711
6.65635e-06 56 26 6.58506e-08 930.327 929.647 0.00619252
6.78948e-06 56 26 7.71571e-08 930.329 929.643 0.00631637
6.92527e-06 56 26 8.92336e-08 930.33 929.638 0.0064427
7.06378e-06 56 26 1.02121e-07 930.332 929.634 0.00657156
7.20505e-06 56 26 1.15862e-07 930.334 929.629 0.00670299
7.34915e-06 56 26 1.30501e-07 930.336 929.625 0.00683705
7.49614e-06 56 26 1.46084e-07 930.338 929.62 0.0069738
7.64606e-06 56 26 1.62661e-07 930.341 929.615 0.00711328
7.79898e-06 56 26 1.80282e-07 930.343 929.61 0.00725554
7.95496e-06 56 26 1.98999e-07 930.345 929.604 0.00740066
8.11406e-06 56 26 2.18869e-07 930.348 929.599 0.00754868
8.27634e-06 56 26 2.39948e-07 930.35 929.594 0.00769965
8.44187e-06 56 26 2.62297e-07 930.353 929.588 0.00785365
8.6107e-06 56 26 2.85979e-07 930.356 929.582 0.00801073
8.78292e-06 56 26 3.11057e-07 930.359 929.576 0.00817095
8.95858e-06 56 26 3.37602e-07 930.362 929.57 0.00833438
9.13775e-06 56 26 3.65683e-07 930.365 929.564 0.00850107
9.3205e-06 56 26 3.95374e-07 930.368 929.558 0.0086711
9.50691e-06 56 26 4.26752e-07 930.371 929.552 0.00884453
9.69705e-06 62 28 3.91781e-07 930.368 929.552 0.00902143
9.89099e-06 62 28 4.23617e-07 930.371 929.545 0.00920187
1.00888e-05 62 28 4.57255e-07 930.374 929.538 0.00938591
1.02906e-05 62 28 4.92778e-07 930.378 929.531 0.00957364
1.04964e-05 62 28 5.30278e-07 930.381 929.524 0.00976512
1.07063e-05 62 28 5.69844e-07 930.385 929.517 0.00996044
1.09205e-05 62 28 6.11575e-07 930.389 929.509 0.0101597
1.11389e-05 62 28 6.55569e-07 930.393 929.502 0.0103629
1.13616e-05 62 28 7.01931e-07 930.397 929.494 0.0105701
1.15889e-05 62 28 7.5077e-07 930.401 929.486 0.0107816
1.18207e-05 62 28 8.02199e-07 930.406 929.477 0.0109972
1.20571e-05 62 28 8.56335e-07 930.41 929.469 0.0112172
1.22982e-05 62 28 9.13302e-07 930.415 929.46 0.0114415
1.25442e-05 62 28 9.73226e-07 930.42 929.451 0.0116704
1.27951e-05 62 28 1.03624e-06 930.425 929.442 0.0119038
1.3051e-05 62 28 1.10248e-06 930.43 929.433 0.0121419
1.3312e-05 62 28 1.1721e-06 930.435 929.424 0.0123848
1.35782e-05 62 28 1.24524e-06 930.441 929.414 0.0126325
1.38498e-05 62 28 1.32205e-06 930.446 929.404 0.0128851
1.41268e-05 62 28 1.40271e-06 930.452 929.394 0.0131429
1.44093e-05 62 28 1.48737e-06 930.458 929.384 0.0134058
1.46975e-05 62 28 1.57622e-06 930.464 929.373 0.0136739
1.49914e-05 62 28 1.66944e-06 930.47 929.362 0.0139474
1.52913e-05 62 28 1.76721e-06 930.477 929.351 0.0142264
1.55971e-05 62 28 1.86975e-06 930.483 929.34 0.014511
1.5909e-05 62 28 1.97724e-06 930.49 929.329 0.0148012
1.62272e-05 62 28 2.08991e-06 930.497 929.317 0.0150973
1.65518e-05 62 28 2.20799e-06 930.504 929.305 0.0153993
1.68828e-05 62 28 2.33169e-06 930.512 929.292 0.0157073
1.72205e-05 62 28 2.46128e-06 930.519 929.28 0.0160215
1.75649e-05 62 28 2.59699e-06 930.527 929.267 0.016342
1.79162e-05 62 28 2.73909e-06 930.535 929.254 0.0166689
1.82745e-05 62 28 2.88785e-06 930.543 929.241 0.0170023
1.864e-05 62 28 3.04356e-06 930.552 929.227 0.0173424
1.90128e-05 62 28 3.20651e-06 930.561 929.213 0.0176893
1.9393e-05 62 28 3.37702e-06 930.569 929.199 0.0180432
1.97809e-05 62 28 3.55539e-06 930.579 929.184 0.0184041
2.01765e-05 62 28 3.74197e-06 930.588 929.169 0.0187723
2.058e-05 62 28 3.9371e-06 930.597 929.154 0.0191478
2.09916e-05 62 28 4.14115e-06 930.607 929.139 0.0195308
2.14115e-05 62 28 4.35449e-06 930.617 929.123 0.0199215
2.18397e-05 62 28 4.57751e-06 930.628 929.107 0.0203201
2.22765e-05 62 28 4.81061e-06 930.638 929.091 0.0207265
2.2722e-05 62 28 5.05423e-06 930.649 929.074 0.0211412
2.31765e-05 62 28 5.30881e-06 930.66 929.057 0.0215641
2.364e-05 62 28 5.5748e-06 930.671 929.039 0.0219955
2.41128e-05 62 28 5.85269e-06 930.683 929.021 0.0224355
2.45951e-05 62 28 6.14297e-06 930.695 929.003 0.0228843
2.5087e-05 62 28 6.44616e-06 930.707 928.985 0.0233422
2.55887e-05 62 28 6.7628e-06 930.72 928.966 0.0238091
2.61005e-05 62 28 7.09345e-06 930.733 928.946 0.0242855
2.66225e-05 62 28 7.4387e-06 930.746 928.927 0.0247713
2.71549e-05 62 28 7.79916e-06 930.759 928.906 0.0252669
2.7698e-05 62 28 8.17545e-06 930.773 928.886 0.0257724
2.8252e-05 62 28 8.56825e-06 930.787 928.865 0.026288
2.8817e-05 62 28 8.97824e-06 930.801 928.844 0.0268139
2.93934e-05 62 28 9.40613e-06 930.816 928.822 0.0273504
2.99812e-05 62 28 9.85267e-06 930.831 928.799 0.0278976
3.05809e-05 62 28 1.03186e-05 930.846 928.777 0.0284558
3.11925e-05 62 28 1.08048e-05 930.862 928.754 0.0290251
3.18163e-05 62 28 1.13121e-05 930.878 928.73 0.0296058
3.24526e-05 62 28 1.18413e-05 930.895 928.706 0.0301982
3.31017e-05 62 28 1.23933e-05 930.911 928.681 0.0308024
3.37637e-05 62 28 1.29692e-05 930.929 928.656 0.0314187
3.4439e-05 62 28 1.35698e-05 930.946 928.631 0.0320473
3.51278e-05 62 28 1.41962e-05 930.964 928.605 0.0326885
3.58303e-05 62 28 1.48496e-05 930.983 928.578 0.0333426
3.6547e-05 62 28 1.55309e-05 931.002 928.551 0.0340097
3.72779e-05 62 28 1.62413e-05 931.021 928.523 0.0346903
3.80235e-05 62 28 1.69821e-05 931.04 928.495 0.0353844
3.87839e-05 62 28 1.77546e-05 931.061 928.466 0.0360924
3.95596e-05 62 28 1.85599e-05 931.081 928.437 0.0368146
4.03508e-05 62 28 1.93995e-05 931.102 928.407 0.0375513
4.11578e-05 62 28 2.02748e-05 931.124 928.377 0.0383027
4.1981e-05 62 28 2.11872e-05 931.146 928.346 0.0390692
4.28206e-05 62 28 2.21384e-05 931.168 928.314 0.039851
4.3677e-05 62 28 2.31298e-05 931.191 928.281 0.0406485
4.45505e-05 62 28 2.41631e-05 931.214 928.248 0.0414619
4.54415e-05 62 28 2.52402e-05 931.238 928.215 0.0422917
4.63504e-05 62 28 2.63627e-05 931.263 928.181 0.043138
4.72774e-05 62 28 2.75325e-05 931.288 928.146 0.0440013
4.82229e-05 62 28 2.87517e-05 931.313 928.11 0.0448819
4.91874e-05 64 28 2.80098e-05 931.298 928.132 0.0457801
5.01711e-05 64 28 2.92491e-05 931.323 928.095 0.0466963
5.11746e-05 88 38 2.87801e-05 931.314 928.065 0.0476308
5.2198e-05 88 38 3.00655e-05 931.339 928.026 0.048584
5.3242e-05 88 38 3.14054e-05 931.364 927.987 0.0495563
5.43069e-05 88 38 3.28018e-05 931.39 927.947 0.0505481
5.5393e-05 88 38 3.42573e-05 931.417 927.906 0.0515597
5.65008e-05 88 38 3.57741e-05 931.444 927.865 0.0525916
5.76309e-05 88 38 3.7355e-05 931.472 927.822 0.0536442
5.87835e-05 88 38 3.90023e-05 931.5 927.779 0.0547178
5.99592e-05 88 38 4.07191e-05 931.529 927.735 0.055813
6.11583e-05 88 38 4.25079e-05 931.559 927.69 0.0569301
6.23815e-05 88 38 4.4372e-05 931.589 927.644 0.0580695
6.36291e-05 88 38 4.63143e-05 931.62 927.597 0.0592318
6.49017e-05 88 38 4.83381e-05 931.651 927.55 0.0604174
6.61997e-05 88 38 5.04467e-05 931.683 927.501 0.0616267
6.75237e-05 87 37 5.10669e-05 931.692 927.491 0.0628603
6.88742e-05 87 37 5.32879e-05 931.725 927.441 0.0641185
7.02517e-05 86 36 5.38707e-05 931.733 927.433 0.065402
7.16567e-05 86 36 5.62071e-05 931.766 927.381 0.0667111
7.30899e-05 86 36 5.86411e-05 931.8 927.328 0.0680465
7.45517e-05 86 36 6.11766e-05 931.834 927.274 0.0694086
7.60427e-05 86 36 6.3818e-05 931.869 927.219 0.070798
7.75636e-05 86 36 6.65695e-05 931.905 927.163 0.0722153
7.91148e-05 86 36 6.94356e-05 931.942 927.106 0.073661
8.06971e-05 86 36 7.24211e-05 931.979 927.047 0.0751356
8.23111e-05 86 36 7.55308e-05 932.017 926.988 0.0766398
8.39573e-05 86 36 7.87698e-05 932.056 926.927 0.0781741
8.56364e-05 86 36 8.21435e-05 932.096 926.865 0.0797392
8.73492e-05 86 36 8.56574e-05 932.136 926.802 0.0813357
8.90961e-05 86 36 8.93171e-05 932.178 926.738 0.0829641
9.08781e-05 86 36 9.31288e-05 932.22 926.673 0.0846253
9.26956e-05 86 36 9.70986e-05 932.264 926.606 0.0863197
9.45495e-05 86 36 0.000101233 932.308 926.538 0.088048
9.64405e-05 86 36 0.000105539 932.353 926.469 0.0898111
9.83693e-05 86 36 0.000110023 932.399 926.398 0.0916094
0.000100337 86 36 0.000114693 932.446 926.326 0.0934439
0.000102343 86 36 0.000119556 932.494 926.252 0.0953151
0.00010439 86 36 0.00012462 932.543 926.177 0.0972238
0.000106478 86 36 0.000129894 932.593 926.101 0.0991709
0.000108608 84 34 0.00012663 932.562 926.158 0.101157
0.00011078 84 34 0.000131981 932.611 926.08 0.103182
0.000112995 84 34 0.000137552 932.66 925.999 0.105249
0.000115255 84 34 0.000143353 932.711 925.918 0.107357
0.00011756 84 34 0.000149394 932.763 925.835 0.109507
0.000119912 84 34 0.000155684 932.816 925.75 0.1117
0.00012231 84 34 0.000162234 932.87 925.663 0.113937
0.000124756 84 34 0.000169053 932.925 925.575 0.116219
0.000127251 84 34 0.000176153 932.982 925.485 0.118547
0.000129796 84 34 0.000183546 933.039 925.393 0.120921
0.000132392 84 34 0.000191244 933.098 925.3 0.123344
0.00013504 84 34 0.000199258 933.158 925.205 0.125814
0.000137741 84 34 0.000207602 933.219 925.107 0.128335
0.000140496 84 34 0.00021629 933.281 925.008 0.130906
0.000143306 84 34 0.000225334 933.345 924.907 0.133528
0.000146172 84 34 0.000234751 933.41 924.804 0.136203
0.000149095 84 34 0.000244555 933.477 924.699 0.138932
0.000152077 84 34 0.000254761 933.544 924.592 0.141716
0.000155119 84 34 0.000265387 933.614 924.482 0.144555
0.000158221 84 34 0.000276449 933.684 924.371 0.147452
0.000161385 84 34 0.000287966 933.756 924.257 0.150407
0.000164613 84 34 0.000299955 933.83 924.141 0.153421
0.000167905 84 34 0.000312437 933.905 924.023 0.156495
0.000171263 84 34 0.00032543 933.982 923.903 0.159631
0.000174689 82 32 0.00031523 933.922 924.01 0.16283
0.000178182 82 32 0.000328326 933.996 923.887 0.166093
0.000181746 82 32 0.00034196 934.072 923.761 0.169422
0.000185381 82 32 0.000356152 934.15 923.632 0.172817
0.000189089 82 32 0.000370926 934.228 923.501 0.176281
0.00019287 132 50 0.000355954 934.15 923.53 0.179814
0.000196728 132 50 0.000370825 934.227 923.394 0.183418
0.000200662 132 50 0.000386309 934.305 923.256 0.187093
0.000204676 132 50 0.000402429 934.384 923.115 0.190843
0.000208769 132 50 0.000419212 934.465 922.971 0.194668
0.000212945 132 50 0.000436685 934.548 922.824 0.19857
0.000217203 132 50 0.000454877 934.633 922.675 0.202551
0.000221547 132 50 0.000473816 934.719 922.523 0.206611
0.000225978 132 50 0.000493534 934.807 922.367 0.210753
0.000230498 132 50 0.000514061 934.897 922.209 0.214978
0.000235108 132 50 0.000535431 934.989 922.047 0.219288
0.00023981 132 50 0.000557678 935.083 921.882 0.223685
0.000244606 132 50 0.000580839 935.178 921.714 0.22817
0.000249498 132 50 0.00060495 935.276 921.543 0.232745
0.000254488 132 50 0.00063005 935.375 921.368 0.237412
0.000259578 132 50 0.00065618 935.477 921.19 0.242173
0.00026477 132 50 0.000683381 935.581 921.009 0.24703
0.000270065 132 50 0.000711697 935.687 920.824 0.251985
0.000275466 132 50 0.000741174 935.795 920.635 0.257039
0.000280976 128 46 0.000695373 935.63 920.959 0.262194
0.000286595 128 46 0.000724147 935.731 920.767 0.267452
0.000292327 128 46 0.0007541 935.835 920.571 0.272816
0.000298174 128 46 0.000785278 935.94 920.372 0.278288
0.000304137 128 46 0.000817733 936.048 920.169 0.283869
0.00031022 128 46 0.000851517 936.158 919.962 0.289563
0.000316424 128 46 0.000886683 936.27 919.75 0.295372
0.000322753 128 46 0.000923288 936.385 919.535 0.301298
0.000329208 128 46 0.00096139 936.502 919.315 0.307342
0.000335792 128 46 0.00100105 936.621 919.091 0.313509
0.000342508 128 46 0.00104233 936.743 918.862 0.319799
0.000349358 128 46 0.0010853 936.867 918.629 0.326217
0.000356345 128 46 0.00113003 936.994 918.391 0.332763
0.000363472 126 44 0.00111137 936.94 918.502 0.33944
0.000370742 126 44 0.00115714 937.065 918.259 0.346252
0.000378156 126 44 0.00120478 937.192 918.01 0.3532
0.00038572 126 44 0.00125436 937.322 917.756 0.360289
0.000393434 124 42 0.00122908 937.256 917.899 0.367519
0.000401303 124 42 0.00127963 937.383 917.639 0.374895
0.000409329 124 42 0.00133225 937.513 917.375 0.382419
0.000417515 124 42 0.00138701 937.646 917.105 0.390094
0.000425866 124 42 0.00144401 937.781 916.829 0.397925
0.000434383 124 42 0.00150333 937.919 916.548 0.405912
0.00044307 124 42 0.00156508 938.06 916.262 0.414061
0.000451932 126 42 0.00157722 938.087 916.207 0.422374
0.000460971 126 42 0.00164198 938.229 915.911 0.430854
0.00047019 122 40 0.00165516 938.257 915.866 0.439504
0.000479594 122 40 0.00172307 938.4 915.561 0.448328
0.000489186 124 40 0.0017355 938.426 915.506 0.457329
0.000498969 124 40 0.00180668 938.57 915.192 0.466511
0.000508949 124 40 0.00188076 938.717 914.872 0.475878
0.000519128 124 40 0.00195787 938.867 914.545 0.485434
0.00052951 122 38 0.00190077 938.76 914.805 0.495182
0.0005401 122 38 0.00197865 938.905 914.472 0.505124
0.000550902 122 38 0.00205971 939.054 914.132 0.515267
0.000561921 122 38 0.00214407 939.205 913.785 0.525615
0.000573159 122 38 0.00223186 939.36 913.432 0.536171
0.000584622 124 38 0.00224794 939.387 913.367 0.546938
0.000596315 124 38 0.00233996 939.543 913.002 0.557923
0.000608241 126 38 0.00235805 939.572 912.93 0.569128
