1e-07 56 26 -9.24086e-10 930.374 929.859 9.30383e-05
1.02e-07 56 26 -9.4578e-10 930.374 929.858 9.4899e-05
1.0404e-07 56 26 -9.67873e-10 930.373 929.858 9.6797e-05
1.06121e-07 56 26 -9.9036e-10 930.373 929.858 9.87329e-05
1.08243e-07 56 26 -1.01324e-09 930.373 929.858 0.000100708
1.10408e-07 56 26 -1.03651e-09 930.373 929.857 0.000102722
1.12616e-07 56 26 -1.06018e-09 930.372 929.857 0.000104776
1.14869e-07 56 26 -1.08423e-09 930.372 929.856 0.000106872
1.17166e-07 56 26 -1.10866e-09 930.372 929.856 0.000109009
1.19509e-07 56 26 -1.13347e-09 930.372 929.856 0.000111189
1.21899e-07 56 26 -1.15864e-09 930.372 929.855 0.000113413
1.24337e-07 56 26 -1.18418e-09 930.371 929.855 0.000115681
1.26824e-07 56 26 -1.21007e-09 930.371 929.855 0.000117995
1.29361e-07 56 26 -1.23631e-09 930.371 929.854 0.000120355
1.31948e-07 56 26 -1.26287e-09 930.371 929.854 0.000122762
1.34587e-07 56 26 -1.28975e-09 930.37 929.854 0.000125217
1.37279e-07 56 26 -1.31693e-09 930.37 929.853 0.000127721
1.40024e-07 56 26 -1.34438e-09 930.37 929.853 0.000130276
1.42825e-07 56 26 -1.37211e-09 930.37 929.852 0.000132881
1.45681e-07 56 26 -1.40008e-09 930.37 929.852 0.000135539
1.48595e-07 56 26 -1.42827e-09 930.369 929.851 0.000138249
1.51567e-07 56 26 -1.45665e-09 930.369 929.851 0.000141014
1.54598e-07 56 26 -1.4852e-09 930.369 929.851 0.000143835
1.5769e-07 56 26 -1.51388e-09 930.369 929.85 0.000146711
1.60844e-07 56 26 -1.54267e-09 930.369 929.85 0.000149646
1.64061e-07 56 26 -1.57152e-09 930.369 929.849 0.000152638
1.67342e-07 56 26 -1.60038e-09 930.368 929.849 0.000155691
1.70689e-07 56 26 -1.62922e-09 930.368 929.848 0.000158805
1.74102e-07 56 26 -1.658e-09 930.368 929.848 0.000161981
1.77584e-07 56 26 -1.68665e-09 930.368 929.847 0.000165221
1.81136e-07 56 26 -1.71512e-09 930.368 929.847 0.000168525
1.84759e-07 56 26 -1.74337e-09 930.367 929.846 0.000171895
1.88454e-07 56 26 -1.77129e-09 930.367 929.846 0.000175333
1.92223e-07 56 26 -1.79884e-09 930.367 929.845 0.00017884
1.96068e-07 56 26 -1.82594e-09 930.367 929.845 0.000182417
1.99989e-07 56 26 -1.85249e-09 930.367 929.844 0.000186065
2.03989e-07 56 26 -1.87843e-09 930.367 929.843 0.000189786
2.08069e-07 56 26 -1.90364e-09 930.367 929.843 0.000193582
2.1223e-07 56 26 -1.92803e-09 930.367 929.842 0.000197454
2.16474e-07 56 26 -1.95147e-09 930.366 929.842 0.000201403
2.20804e-07 56 26 -1.97387e-09 930.366 929.841 0.000205431
2.2522e-07 56 26 -1.99509e-09 930.366 929.84 0.000209539
2.29724e-07 56 26 -2.01498e-09 930.366 929.84 0.00021373
2.34319e-07 56 26 -2.03342e-09 930.366 929.839 0.000218004
2.39005e-07 56 26 -2.05022e-09 930.366 929.838 0.000222364
2.43785e-07 56 26 -2.06525e-09 930.366 929.838 0.000226812
2.48661e-07 56 26 -2.0783e-09 930.366 929.837 0.000231348
2.53634e-07 56 26 -2.08921e-09 930.366 929.836 0.000235975
2.58707e-07 56 26 -2.09775e-09 930.366 929.836 0.000240694
2.63881e-07 56 26 -2.10372e-09 930.366 929.835 0.000245508
2.69159e-07 56 26 -2.10689e-09 930.366 929.834 0.000250418
2.74542e-07 56 26 -2.107e-09 930.366 929.833 0.000255427
2.80033e-07 56 26 -2.10378e-09 930.366 929.832 0.000260535
2.85633e-07 56 26 -2.09697e-09 930.366 929.832 0.000265746
2.91346e-07 56 26 -2.08628e-09 930.366 929.831 0.000271061
2.97173e-07 56 26 -2.07136e-09 930.366 929.83 0.000276482
3.03117e-07 56 26 -2.05187e-09 930.366 929.829 0.000282011
3.09179e-07 56 26 -2.0275e-09 930.366 929.828 0.000287652
3.15362e-07 56 26 -1.99784e-09 930.366 929.827 0.000293404
3.2167e-07 56 26 -1.96247e-09 930.366 929.826 0.000299273
3.28103e-07 56 26 -1.92098e-09 930.366 929.825 0.000305258
3.34665e-07 56 26 -1.87291e-09 930.366 929.824 0.000311363
3.41358e-07 56 26 -1.81779e-09 930.367 929.823 0.00031759
3.48186e-07 56 26 -1.75507e-09 930.367 929.822 0.000323942
3.55149e-07 56 26 -1.68423e-09 930.367 929.821 0.000330421
3.62252e-07 56 26 -1.6047e-09 930.367 929.82 0.000337029
3.69497e-07 56 26 -1.51584e-09 930.367 929.819 0.00034377
3.76887e-07 56 26 -1.41704e-09 930.368 929.817 0.000350645
3.84425e-07 56 26 -1.3076e-09 930.368 929.816 0.000357658
3.92114e-07 56 26 -1.18678e-09 930.368 929.815 0.000364811
3.99956e-07 56 26 -1.05385e-09 930.369 929.814 0.000372107
4.07955e-07 56 26 -9.07956e-10 930.369 929.812 0.00037955
4.16114e-07 56 26 -7.48287e-10 930.369 929.811 0.00038714
4.24436e-07 56 26 -5.73899e-10 930.37 929.809 0.000394883
4.32925e-07 56 26 -3.83839e-10 930.37 929.808 0.000402781
4.41584e-07 56 26 -1.77101e-10 930.371 929.807 0.000410837
4.50415e-07 56 26 4.73203e-11 930.371 929.805 0.000419053
4.59424e-07 56 26 2.90645e-10 930.372 929.803 0.000427434
4.68612e-07 56 26 5.53994e-10 930.372 929.802 0.000435983
4.77984e-07 56 26 8.38659e-10 930.373 929.8 0.000444703
4.87544e-07 56 26 1.14594e-09 930.373 929.798 0.000453597
4.97295e-07 56 26 1.47719e-09 930.374 929.797 0.000462669
5.07241e-07 56 26 1.83396e-09 930.375 929.795 0.000471922
5.17386e-07 56 26 2.21767e-09 930.376 929.793 0.000481361
5.27733e-07 56 26 2.63003e-09 930.376 929.791 0.000490988
5.38288e-07 56 26 3.07264e-09 930.377 929.789 0.000500808
5.49054e-07 56 26 3.54741e-09 930.378 929.787 0.000510824
5.60035e-07 56 26 4.05619e-09 930.379 929.785 0.00052104
5.71235e-07 56 26 4.60098e-09 930.38 929.783 0.000531461
5.8266e-07 56 26 5.18377e-09 930.381 929.781 0.000542091
5.94313e-07 56 26 5.77284e-09 930.382 929.779 0.000552933
6.062e-07 56 26 6.43718e-09 930.383 929.777 0.000563991
6.18324e-07 56 26 7.14648e-09 930.384 929.774 0.000575271
6.3069e-07 56 26 7.90319e-09 930.385 929.772 0.000586777
6.43304e-07 56 26 8.71006e-09 930.387 929.769 0.000598513
6.5617e-07 56 26 9.56968e-09 930.388 929.767 0.000610483
6.69293e-07 56 26 1.0485e-08 930.389 929.764 0.000622693
6.82679e-07 56 26 1.14592e-08 930.391 929.761 0.000635147
6.96333e-07 56 26 1.24954e-08 930.392 929.758 0.00064785
7.10259e-07 56 26 1.35969e-08 930.394 929.755 0.000660807
7.24465e-07 56 26 1.47672e-08 930.395 929.752 0.000674024
7.38954e-07 56 26 1.60101e-08 930.397 929.749 0.000687505
7.53733e-07 56 26 1.73291e-08 930.399 929.746 0.000701255
7.68808e-07 56 26 1.87286e-08 930.401 929.743 0.00071528
7.84184e-07 56 26 2.02126e-08 930.403 929.74 0.000729586
7.99867e-07 56 26 2.17854e-08 930.405 929.736 0.000744179
8.15865e-07 56 26 2.34517e-08 930.407 929.733 0.000759063
8.32182e-07 56 26 2.52161e-08 930.409 929.729 0.000774244
8.48826e-07 56 26 2.70839e-08 930.411 929.725 0.00078973
8.65802e-07 56 26 2.90599e-08 930.413 929.721 0.000805525
8.83118e-07 56 26 3.11499e-08 930.416 929.717 0.000821636
9.00781e-07 56 26 3.33594e-08 930.418 929.713 0.000838069
9.18796e-07 56 26 3.56943e-08 930.421 929.709 0.000854831
9.37172e-07 56 26 3.81607e-08 930.423 929.705 0.000871929
9.55916e-07 56 26 4.07652e-08 930.426 929.701 0.000889368
9.75034e-07 56 26 4.35146e-08 930.429 929.696 0.000907156
9.94535e-07 56 26 4.64157e-08 930.432 929.691 0.0009253
1.01443e-06 56 26 4.94758e-08 930.435 929.687 0.000943807
1.03471e-06 56 26 5.27025e-08 930.438 929.682 0.000962685
1.05541e-06 56 26 5.61038e-08 930.441 929.677 0.000981939
1.07652e-06 56 26 5.96878e-08 930.445 929.672 0.00100158
1.09805e-06 56 26 6.34635e-08 930.448 929.666 0.00102161
1.12001e-06 56 26 6.74393e-08 930.452 929.661 0.00104205
1.14241e-06 56 26 7.16248e-08 930.456 929.655 0.00106289
1.16526e-06 56 26 7.60298e-08 930.459 929.65 0.00108415
1.18856e-06 56 26 8.06642e-08 930.463 929.644 0.00110583
1.21233e-06 56 26 8.55385e-08 930.467 929.638 0.00112795
1.23658e-06 56 26 9.0664e-08 930.472 929.632 0.00115051
1.26131e-06 56 26 9.60516e-08 930.476 929.625 0.00117352
1.28654e-06 56 26 1.01713e-07 930.48 929.619 0.001197
1.31227e-06 56 26 1.07662e-07 930.485 929.612 0.00122094
1.33851e-06 56 26 1.1391e-07 930.49 929.605 0.00124536
1.36528e-06 56 26 1.20471e-07 930.494 929.598 0.00127027
1.39259e-06 62 28 1.16152e-07 930.491 929.6 0.00129568
1.42044e-06 62 28 1.22863e-07 930.496 929.593 0.00132159
1.44885e-06 62 28 1.29908e-07 930.501 929.585 0.00134803
1.47783e-06 62 28 1.37303e-07 930.506 929.578 0.00137499
1.50738e-06 62 28 1.45061e-07 930.511 929.57 0.00140249
1.53753e-06 62 28 1.532e-07 930.517 929.562 0.00143054
1.56828e-06 62 28 1.61735e-07 930.522 929.554 0.00145916
1.59965e-06 62 28 1.70685e-07 930.528 929.545 0.00148834
1.63164e-06 62 28 1.80067e-07 930.534 929.537 0.00151812
1.66427e-06 62 28 1.89901e-07 930.54 929.528 0.00154848
1.69756e-06 62 28 2.00204e-07 930.546 929.519 0.00157945
1.73151e-06 62 28 2.10999e-07 930.552 929.51 0.00161105
1.76614e-06 62 28 2.22306e-07 930.558 929.501 0.00164327
1.80146e-06 62 28 2.34146e-07 930.565 929.491 0.00167614
1.83749e-06 62 28 2.46544e-07 930.572 929.481 0.00170967
1.87424e-06 62 28 2.59522e-07 930.579 929.471 0.00174387
1.91173e-06 62 28 2.73106e-07 930.586 929.461 0.00177875
1.94996e-06 62 28 2.8732e-07 930.593 929.45 0.00181433
1.98896e-06 62 28 3.02192e-07 930.601 929.439 0.00185063
2.02874e-06 62 28 3.1775e-07 930.609 929.428 0.00188764
2.06931e-06 62 28 3.34023e-07 930.617 929.417 0.0019254
2.1107e-06 62 28 3.5104e-07 930.625 929.405 0.00196392
2.15291e-06 62 28 3.68833e-07 930.633 929.394 0.0020032
2.19597e-06 62 28 3.87435e-07 930.642 929.382 0.00204328
2.23989e-06 62 28 4.0688e-07 930.65 929.369 0.00208415
2.28469e-06 62 28 4.27203e-07 930.659 929.357 0.00212584
2.33038e-06 62 28 4.4844e-07 930.669 929.344 0.00216837
2.37699e-06 62 28 4.7063e-07 930.678 929.331 0.00221174
2.42453e-06 62 28 4.93814e-07 930.688 929.317 0.00225599
2.47302e-06 62 28 5.18031e-07 930.698 929.303 0.00230112
2.52248e-06 62 28 5.43325e-07 930.708 929.289 0.00234715
2.57293e-06 62 28 5.69741e-07 930.718 929.275 0.0023941
2.62439e-06 62 28 5.97325e-07 930.729 929.26 0.002442
2.67688e-06 62 28 6.26127e-07 930.74 929.245 0.00249085
2.73042e-06 62 28 6.56196e-07 930.751 929.23 0.00254068
2.78502e-06 62 28 6.87585e-07 930.762 929.214 0.00259151
2.84072e-06 62 28 7.20348e-07 930.774 929.199 0.00264335
2.89754e-06 62 28 7.54543e-07 930.786 929.182 0.00269623
2.95549e-06 62 28 7.90228e-07 930.798 929.166 0.00275017
3.0146e-06 62 28 8.27466e-07 930.81 929.149 0.00280519
3.07489e-06 62 28 8.66319e-07 930.823 929.131 0.00286131
3.13639e-06 62 28 9.06855e-07 930.836 929.113 0.00291856
3.19912e-06 62 28 9.49143e-07 930.85 929.095 0.00297695
3.2631e-06 62 28 9.93256e-07 930.863 929.077 0.00303651
3.32836e-06 62 28 1.03927e-06 930.877 929.058 0.00309726
3.39493e-06 62 28 1.08726e-06 930.891 929.039 0.00315922
3.46283e-06 62 28 1.1373e-06 930.906 929.019 0.00322243
3.53208e-06 62 28 1.1895e-06 930.921 928.999 0.0032869
3.60272e-06 62 28 1.24392e-06 930.936 928.978 0.00335266
3.67478e-06 62 28 1.30066e-06 930.952 928.958 0.00341974
3.74827e-06 62 28 1.35983e-06 930.968 928.936 0.00348816
3.82324e-06 62 28 1.42151e-06 930.984 928.914 0.00355795
3.89971e-06 62 28 1.48581e-06 931.001 928.892 0.00362914
3.9777e-06 62 28 1.55284e-06 931.018 928.869 0.00370176
4.05725e-06 62 28 1.62271e-06 931.035 928.846 0.00377582
4.1384e-06 62 28 1.69554e-06 931.053 928.823 0.00385137
4.22117e-06 62 28 1.77144e-06 931.071 928.799 0.00392843
4.30559e-06 62 28 1.85055e-06 931.09 928.774 0.00400704
4.3917e-06 62 28 1.93299e-06 931.109 928.749 0.00408722
4.47954e-06 62 28 2.0189e-06 931.128 928.723 0.004169
4.56913e-06 62 28 2.10843e-06 931.148 928.697 0.00425242
4.66051e-06 62 28 2.20172e-06 931.168 928.67 0.00433751
4.75372e-06 62 28 2.29892e-06 931.189 928.643 0.00442431
4.84879e-06 62 28 2.40019e-06 931.21 928.615 0.00451284
4.94577e-06 62 28 2.5057e-06 931.231 928.587 0.00460315
5.04468e-06 62 28 2.61563e-06 931.253 928.558 0.00469526
5.14558e-06 62 28 2.73016e-06 931.276 928.528 0.00478922
5.24849e-06 62 28 2.84946e-06 931.299 928.498 0.00488506
5.35346e-06 62 28 2.97374e-06 931.322 928.468 0.00498282
5.46053e-06 64 28 2.89815e-06 931.308 928.487 0.00508254
5.56974e-06 64 28 3.02446e-06 931.331 928.455 0.00518425
5.68113e-06 64 28 3.15604e-06 931.354 928.423 0.00528799
5.79476e-06 64 28 3.29309e-06 931.378 928.39 0.00539382
5.91065e-06 64 28 3.43584e-06 931.403 928.356 0.00550176
6.02886e-06 64 28 3.58453e-06 931.428 928.322 0.00561187
6.14944e-06 64 28 3.7394e-06 931.453 928.287 0.00572418
6.27243e-06 64 28 3.90069e-06 931.479 928.251 0.00583874
6.39788e-06 64 28 4.06867e-06 931.506 928.214 0.00595559
6.52584e-06 64 28 4.24361e-06 931.533 928.177 0.00607479
6.65635e-06 64 28 4.4258e-06 931.56 928.139 0.00619637
6.78948e-06 64 28 4.61554e-06 931.589 928.101 0.00632039
6.92527e-06 64 28 4.81312e-06 931.617 928.061 0.00644689
7.06378e-06 64 28 5.01887e-06 931.647 928.021 0.00657593
7.20505e-06 64 28 5.23312e-06 931.677 927.98 0.00670755
7.34915e-06 64 28 5.45622e-06 931.707 927.938 0.0068418
7.49614e-06 64 28 5.68853e-06 931.739 927.895 0.00697875
7.64606e-06 64 28 5.93042e-06 931.771 927.852 0.00711844
7.79898e-06 64 28 6.18228e-06 931.803 927.807 0.00726093
7.95496e-06 64 28 6.44453e-06 931.837 927.762 0.00740628
8.11406e-06 64 28 6.71757e-06 931.871 927.716 0.00755453
8.27634e-06 64 28 7.00186e-06 931.905 927.668 0.00770576
8.44187e-06 64 28 7.29785e-06 931.941 927.62 0.00786002
8.6107e-06 64 28 7.60601e-06 931.977 927.571 0.00801737
8.78292e-06 64 28 7.92684e-06 932.014 927.521 0.00817787
8.95858e-06 86 36 7.46583e-06 931.962 927.576 0.00834159
9.13775e-06 86 36 7.78188e-06 931.997 927.524 0.00850857
9.3205e-06 86 36 8.11094e-06 932.033 927.472 0.0086789
9.50691e-06 86 36 8.45356e-06 932.069 927.418 0.00885265
9.69705e-06 86 36 8.81027e-06 932.106 927.363 0.00902987
9.89099e-06 86 36 9.18166e-06 932.144 927.308 0.00921065
1.00888e-05 86 36 9.56832e-06 932.183 927.251 0.00939505
1.02906e-05 86 36 9.97087e-06 932.222 927.192 0.00958315
1.04964e-05 86 36 1.039e-05 932.263 927.133 0.00977501
1.07063e-05 86 36 1.08263e-05 932.304 927.073 0.00997072
1.09205e-05 86 36 1.12805e-05 932.346 927.011 0.0101704
1.11389e-05 86 36 1.17533e-05 932.389 926.948 0.010374
1.13616e-05 84 34 1.14429e-05 932.361 926.994 0.0105817
1.15889e-05 84 34 1.19221e-05 932.402 926.93 0.0107936
1.18207e-05 84 34 1.2421e-05 932.445 926.864 0.0110097
1.20571e-05 84 34 1.29403e-05 932.489 926.797 0.0112301
1.22982e-05 84 34 1.34809e-05 932.533 926.728 0.011455
1.25442e-05 84 34 1.40436e-05 932.578 926.658 0.0116844
1.27951e-05 84 34 1.46294e-05 932.624 926.587 0.0119183
1.3051e-05 84 34 1.52392e-05 932.672 926.514 0.012157
1.3312e-05 84 34 1.5874e-05 932.72 926.44 0.0124005
1.35782e-05 84 34 1.65347e-05 932.769 926.364 0.0126488
1.38498e-05 84 34 1.72224e-05 932.819 926.287 0.0129021
1.41268e-05 84 34 1.79383e-05 932.87 926.209 0.0131605
1.44093e-05 84 34 1.86835e-05 932.922 926.128 0.0134241
1.46975e-05 84 34 1.94591e-05 932.976 926.046 0.0136929
1.49914e-05 84 34 2.02665e-05 933.03 925.963 0.0139672
1.52913e-05 84 34 2.11068e-05 933.086 925.878 0.014247
1.55971e-05 84 34 2.19814e-05 933.142 925.791 0.0145323
1.5909e-05 84 34 2.28918e-05 933.2 925.703 0.0148234
1.62272e-05 84 34 2.38394e-05 933.259 925.612 0.0151204
1.65518e-05 84 34 2.48256e-05 933.319 925.52 0.0154233
1.68828e-05 84 34 2.58521e-05 933.381 925.426 0.0157322
1.72205e-05 84 34 2.69205e-05 933.443 925.33 0.0160474
1.75649e-05 84 34 2.80325e-05 933.507 925.233 0.0163689
1.79162e-05 84 34 2.91899e-05 933.572 925.133 0.0166968
1.82745e-05 84 34 3.03944e-05 933.639 925.032 0.0170314
1.864e-05 84 34 3.16481e-05 933.707 924.928 0.0173726
1.90128e-05 84 34 3.29529e-05 933.776 924.822 0.0177207
1.9393e-05 82 32 3.18905e-05 933.721 924.915 0.0180758
1.97809e-05 82 32 3.32046e-05 933.788 924.806 0.0184379
2.01765e-05 82 32 3.45723e-05 933.856 924.696 0.0188074
2.058e-05 82 32 3.59957e-05 933.926 924.583 0.0191842
2.09916e-05 82 32 3.74771e-05 933.997 924.468 0.0195687
2.14115e-05 82 32 3.90188e-05 934.07 924.35 0.0199608
2.18397e-05 82 32 4.06233e-05 934.144 924.231 0.0203608
2.22765e-05 82 32 4.22932e-05 934.22 924.109 0.0207689
2.2722e-05 82 32 4.4031e-05 934.297 923.984 0.0211851
2.31765e-05 82 32 4.58396e-05 934.376 923.857 0.0216097
2.364e-05 82 32 4.77219e-05 934.456 923.728 0.0220428
2.41128e-05 82 32 4.96807e-05 934.538 923.596 0.0224847
2.45951e-05 82 32 5.17193e-05 934.622 923.461 0.0229354
2.5087e-05 82 32 5.38408e-05 934.708 923.324 0.0233951
2.55887e-05 82 32 5.60487e-05 934.795 923.184 0.0238641
2.61005e-05 80 30 5.38764e-05 934.711 923.33 0.0243425
2.66225e-05 80 30 5.60849e-05 934.795 923.187 0.0248305
2.71549e-05 80 30 5.83831e-05 934.881 923.041 0.0253282
2.7698e-05 80 30 6.07748e-05 934.968 922.891 0.025836
2.8252e-05 80 30 6.32638e-05 935.057 922.739 0.0263539
2.8817e-05 80 30 6.58539e-05 935.148 922.584 0.0268823
2.93934e-05 80 30 6.85494e-05 935.24 922.426 0.0274213
2.99812e-05 80 30 7.13544e-05 935.335 922.264 0.0279711
3.05809e-05 80 30 7.42735e-05 935.431 922.1 0.028532
3.11925e-05 80 30 7.73111e-05 935.529 921.932 0.0291042
3.18163e-05 80 30 8.04722e-05 935.63 921.761 0.0296878
3.24526e-05 80 30 8.37618e-05 935.732 921.586 0.0302832
3.31017e-05 80 30 8.7185e-05 935.837 921.408 0.0308906
3.37637e-05 80 30 9.07473e-05 935.943 921.226 0.0315102
3.4439e-05 78 28 8.65567e-05 935.819 921.449 0.0321421
3.51278e-05 78 28 9.00923e-05 935.92 921.263 0.0327867
3.58303e-05 78 28 9.37714e-05 936.024 921.074 0.0334443
3.6547e-05 78 28 9.76e-05 936.13 920.881 0.0341151
3.72779e-05 78 28 0.000101584 936.238 920.685 0.0347994
3.80235e-05 78 28 0.00010573 936.348 920.484 0.0354974
3.87839e-05 78 28 0.000109852 936.455 920.288 0.0362096
3.95596e-05 78 28 0.000109807 936.454 920.286 0.0369359
4.03508e-05 78 28 0.000109785 936.454 920.283 0.0376769
4.11578e-05 78 28 0.000109787 936.454 920.279 0.0384326
4.1981e-05 78 28 0.000109816 936.454 920.273 0.0392034
4.28206e-05 78 28 0.000109874 936.456 920.267 0.0399897
4.3677e-05 78 28 0.000109963 936.458 920.259 0.0407917
4.45505e-05 78 28 0.000110086 936.461 920.25 0.0416097
4.54415e-05 78 28 0.000110245 936.464 920.239 0.0424441
4.63504e-05 78 28 0.000110443 936.468 920.227 0.0432952
4.72774e-05 78 28 0.000110682 936.474 920.214 0.0441633
4.82229e-05 78 28 0.000110967 936.479 920.199 0.0450488
4.91874e-05 78 28 0.0001113 936.486 920.182 0.045952
5.01711e-05 78 28 0.000111685 936.494 920.164 0.0468733
5.11746e-05 78 28 0.000112125 936.503 920.144 0.047813
5.2198e-05 78 28 0.000112624 936.512 920.123 0.0487715
5.3242e-05 78 28 0.000113185 936.523 920.099 0.0497492
5.43069e-05 78 28 0.000113814 936.535 920.074 0.0507464
5.5393e-05 78 28 0.000114514 936.547 920.046 0.0517636
5.65008e-05 78 28 0.00011529 936.561 920.017 0.0528012
5.76309e-05 78 28 0.000116146 936.576 919.986 0.0538596
5.87835e-05 78 28 0.000117088 936.593 919.952 0.0549391
5.99592e-05 78 28 0.000118121 936.61 919.916 0.0560402
6.11583e-05 78 28 0.00011925 936.629 919.878 0.0571634
6.23815e-05 78 28 0.000120481 936.649 919.838 0.0583091
6.36291e-05 78 28 0.00012182 936.67 919.795 0.0594777
6.49017e-05 78 28 0.000123273 936.692 919.75 0.0606697
6.61997e-05 80 28 0.000122856 936.686 919.763 0.0618855
6.75237e-05 80 28 0.000124395 936.709 919.716 0.0631257
6.88742e-05 80 28 0.00012606 936.734 919.666 0.0643907
7.02517e-05 80 28 0.000127857 936.759 919.613 0.0656811
7.16567e-05 80 28 0.000129794 936.787 919.557 0.0669973
7.30899e-05 80 28 0.000131878 936.815 919.499 0.0683398
7.45517e-05 80 28 0.000134117 936.846 919.438 0.0697093
7.60427e-05 80 28 0.00013652 936.878 919.373 0.0711062
7.75636e-05 80 28 0.000139095 936.911 919.306 0.0725311
7.91148e-05 80 28 0.000141851 936.946 919.236 0.0739845
8.06971e-05 80 28 0.000144798 936.983 919.162 0.0754671
8.23111e-05 80 28 0.000147945 937.022 919.085 0.0769793
8.39573e-05 80 28 0.000151302 937.062 919.005 0.0785219
8.56364e-05 80 28 0.000154879 937.104 918.922 0.0800954
8.73492e-05 80 28 0.000158689 937.149 918.835 0.0817004
8.90961e-05 124 42 0.000154287 937.099 918.872 0.0833376
9.08781e-05 124 42 0.000158129 937.142 918.781 0.0850075
9.26956e-05 124 42 0.000162217 937.186 918.687 0.0867109
9.45495e-05 124 42 0.000166562 937.233 918.59 0.0884484
9.64405e-05 124 42 0.000171178 937.281 918.489 0.0902207
9.83693e-05 124 42 0.000176077 937.331 918.383 0.0920286
0.000100337 124 42 0.000181273 937.384 918.274 0.0938727
0.000102343 124 42 0.000186779 937.438 918.161 0.0957539
0.00010439 124 42 0.000192611 937.494 918.043 0.0976727
0.000106478 124 42 0.000198784 937.553 917.922 0.0996301
0.000108608 124 42 0.000205313 937.614 917.796 0.101627
0.00011078 124 42 0.000212214 937.677 917.666 0.103663
0.000112995 124 42 0.000219505 937.742 917.531 0.105741
0.000115255 124 42 0.000227204 937.809 917.392 0.10786
0.00011756 124 42 0.000235329 937.879 917.248 0.110022
0.000119912 124 42 0.000243898 937.951 917.1 0.112227
0.00012231 124 42 0.000252932 938.026 916.947 0.114477
0.000124756 122 40 0.000247451 937.981 917.049 0.116771
0.000127251 122 40 0.000256666 938.054 916.892 0.119112
0.000129796 122 40 0.000266374 938.13 916.73 0.121499
0.000132392 122 40 0.000276598 938.208 916.563 0.123935
0.00013504 122 40 0.000287359 938.288 916.39 0.126419
0.000137741 122 40 0.000298682 938.371 916.212 0.128953
0.000140496 122 40 0.00031059 938.457 916.029 0.131539
0.000143306 124 40 0.000312783 938.472 915.995 0.134175
0.000146172 124 40 0.000325414 938.559 915.804 0.136865
0.000149095 124 40 0.00033006 938.591 915.73 0.139609
0.000152077 124 40 0.000330372 938.593 915.718 0.142408
0.000155119 124 40 0.000331265 938.599 915.698 0.145263
0.000158221 124 40 0.000332729 938.608 915.671 0.148175
0.000161385 124 40 0.000334757 938.621 915.636 0.151145
0.000164613 124 40 0.000337348 938.637 915.595 0.154175
0.000167905 124 40 0.000340503 938.656 915.547 0.157265
0.000171263 124 40 0.000344228 938.678 915.493 0.160417
0.000174689 120 38 0.00034507 938.683 915.492 0.163632
0.000178182 120 38 0.000349425 938.707 915.431 0.166912
0.000181746 120 38 0.000354369 938.735 915.364 0.170257
0.000185381 120 38 0.000359912 938.765 915.291 0.173669
0.000189089 122 38 0.000360887 938.77 915.278 0.17715
0.00019287 122 38 0.000367149 938.803 915.198 0.1807
0.000196728 122 38 0.000374047 938.839 915.111 0.184322
0.000200662 122 38 0.000381598 938.877 915.019 0.188016
0.000204676 122 38 0.000389823 938.917 914.921 0.191784
0.000208769 122 38 0.000398746 938.96 914.817 0.195627
0.000212945 122 38 0.000408391 939.006 914.708 0.199548
0.000217203 122 38 0.000418783 939.054 914.593 0.203547
0.000221547 122 38 0.000429951 939.105 914.472 0.207626
0.000225978 122 38 0.000441924 939.159 914.345 0.211788
0.000230498 122 38 0.000454735 939.215 914.213 0.216032
0.000235108 122 38 0.000468416 939.274 914.074 0.220362
0.00023981 124 38 0.000470956 939.285 914.049 0.224779
0.000244606 124 38 0.000485708 939.346 913.903 0.229284
0.000249498 124 38 0.000501409 939.409 913.75 0.23388
0.000254488 124 38 0.000518098 939.475 913.591 0.238568
0.000259578 126 38 0.000521418 939.489 913.56 0.243349
0.00026477 126 38 0.000539339 939.557 913.393 0.248227
0.000270065 126 38 0.00055834 939.628 913.22 0.253202
