1e-07 56 26 -1.01157e-09 930.372 929.86 9.30383e-05
1.02e-07 56 26 -1.0386e-09 930.372 929.86 9.4899e-05
1.0404e-07 56 26 -1.06634e-09 930.372 929.86 9.6797e-05
1.06121e-07 56 26 -1.09483e-09 930.372 929.86 9.87329e-05
1.08243e-07 56 26 -1.12408e-09 930.371 929.859 0.000100708
1.10408e-07 56 26 -1.1541e-09 930.371 929.859 0.000102722
1.12616e-07 56 26 -1.18493e-09 930.371 929.859 0.000104776
1.14869e-07 56 26 -1.21658e-09 930.37 929.858 0.000106872
1.17166e-07 56 26 -1.24907e-09 930.37 929.858 0.000109009
1.19509e-07 56 26 -1.28243e-09 930.37 929.858 0.000111189
1.21899e-07 56 26 -1.31667e-09 930.37 929.858 0.000113413
1.24337e-07 56 26 -1.35183e-09 930.369 929.857 0.000115681
1.26824e-07 56 26 -1.38793e-09 930.369 929.857 0.000117995
1.29361e-07 56 26 -1.42499e-09 930.369 929.857 0.000120355
1.31948e-07 56 26 -1.46304e-09 930.368 929.857 0.000122762
1.34587e-07 56 26 -1.5021e-09 930.368 929.856 0.000125217
1.37279e-07 56 26 -1.5422e-09 930.368 929.856 0.000127721
1.40024e-07 56 26 -1.58336e-09 930.368 929.856 0.000130275
1.42825e-07 56 26 -1.62563e-09 930.367 929.855 0.000132881
1.45681e-07 56 26 -1.66902e-09 930.367 929.855 0.000135539
1.48595e-07 56 26 -1.71356e-09 930.367 929.855 0.000138249
1.51567e-07 56 26 -1.75929e-09 930.366 929.854 0.000141014
1.54598e-07 56 26 -1.80624e-09 930.366 929.854 0.000143834
1.5769e-07 56 26 -1.85443e-09 930.366 929.854 0.000146711
1.60844e-07 56 26 -1.90391e-09 930.365 929.854 0.000149645
1.64061e-07 56 26 -1.9547e-09 930.365 929.853 0.000152638
1.67342e-07 56 26 -2.00685e-09 930.365 929.853 0.000155691
1.70689e-07 56 26 -2.06038e-09 930.364 929.853 0.000158805
1.74102e-07 56 26 -2.11533e-09 930.364 929.852 0.000161981
1.77584e-07 56 26 -2.17175e-09 930.364 929.852 0.00016522
1.81136e-07 56 26 -2.22966e-09 930.363 929.852 0.000168525
1.84759e-07 56 26 -2.28911e-09 930.363 929.851 0.000171895
1.88454e-07 56 26 -2.35014e-09 930.363 929.851 0.000175333
1.92223e-07 56 26 -2.41279e-09 930.362 929.851 0.00017884
1.96068e-07 56 26 -2.47711e-09 930.362 929.85 0.000182416
1.99989e-07 56 26 -2.54313e-09 930.362 929.85 0.000186065
2.03989e-07 56 26 -2.6109e-09 930.361 929.85 0.000189786
2.08069e-07 56 26 -2.68047e-09 930.361 929.849 0.000193582
2.1223e-07 56 26 -2.75188e-09 930.361 929.849 0.000197453
2.16474e-07 56 26 -2.82519e-09 930.36 929.849 0.000201402
2.20804e-07 56 26 -2.90044e-09 930.36 929.848 0.00020543
2.2522e-07 56 26 -2.97769e-09 930.36 929.848 0.000209539
2.29724e-07 56 26 -3.05698e-09 930.359 929.848 0.000213729
2.34319e-07 56 26 -3.13837e-09 930.359 929.847 0.000218004
2.39005e-07 56 26 -3.22191e-09 930.359 929.847 0.000222364
2.43785e-07 56 26 -3.30766e-09 930.358 929.847 0.000226811
2.48661e-07 56 26 -3.39568e-09 930.358 929.846 0.000231347
2.53634e-07 56 26 -3.48603e-09 930.357 929.846 0.000235974
2.58707e-07 56 26 -3.57877e-09 930.357 929.846 0.000240694
2.63881e-07 56 26 -3.67395e-09 930.357 929.845 0.000245507
2.69159e-07 56 26 -3.77165e-09 930.356 929.845 0.000250417
2.74542e-07 56 26 -3.87193e-09 930.356 929.844 0.000255426
2.80033e-07 56 26 -3.97485e-09 930.356 929.844 0.000260534
2.85633e-07 56 26 -4.08049e-09 930.355 929.844 0.000265745
2.91346e-07 56 26 -4.18891e-09 930.355 929.843 0.000271059
2.97173e-07 56 26 -4.30019e-09 930.354 929.843 0.000276481
3.03117e-07 56 26 -4.4144e-09 930.354 929.842 0.00028201
3.09179e-07 56 26 -4.53161e-09 930.354 929.842 0.00028765
3.15362e-07 56 26 -4.6519e-09 930.353 929.842 0.000293403
3.2167e-07 56 26 -4.77536e-09 930.353 929.841 0.000299271
3.28103e-07 56 26 -4.90206e-09 930.353 929.841 0.000305256
3.34665e-07 56 26 -5.03209e-09 930.352 929.841 0.000311361
3.41358e-07 56 26 -5.16553e-09 930.352 929.84 0.000317589
3.48186e-07 56 26 -5.30247e-09 930.351 929.84 0.00032394
3.55149e-07 56 26 -5.44299e-09 930.351 929.839 0.000330419
3.62252e-07 56 26 -5.5872e-09 930.351 929.839 0.000337027
3.69497e-07 56 26 -5.73518e-09 930.35 929.838 0.000343768
3.76887e-07 56 26 -5.88703e-09 930.35 929.838 0.000350643
3.84425e-07 56 26 -6.04284e-09 930.349 929.838 0.000357656
3.92114e-07 56 26 -6.20273e-09 930.349 929.837 0.000364809
3.99956e-07 56 26 -6.36678e-09 930.348 929.837 0.000372105
4.07955e-07 56 26 -6.53511e-09 930.348 929.836 0.000379547
4.16114e-07 56 26 -6.70782e-09 930.348 929.836 0.000387137
4.24436e-07 56 26 -6.88502e-09 930.347 929.835 0.00039488
4.32925e-07 56 26 -7.06683e-09 930.347 929.835 0.000402777
4.41584e-07 56 26 -7.25336e-09 930.346 929.835 0.000410833
4.50415e-07 56 26 -7.44473e-09 930.346 929.834 0.000419049
4.59424e-07 56 26 -7.64105e-09 930.346 929.834 0.00042743
4.68612e-07 56 26 -7.84245e-09 930.345 929.833 0.000435979
4.77984e-07 56 26 -8.04906e-09 930.345 929.833 0.000444698
4.87544e-07 56 26 -8.26101e-09 930.344 929.832 0.000453592
4.97295e-07 56 26 -8.47842e-09 930.344 929.832 0.000462664
5.07241e-07 56 26 -8.70143e-09 930.343 929.831 0.000471917
5.17386e-07 56 26 -8.93018e-09 930.343 929.831 0.000481355
5.27733e-07 56 26 -9.1648e-09 930.342 929.83 0.000490982
5.38288e-07 56 26 -9.40543e-09 930.342 929.83 0.000500801
5.49054e-07 56 26 -9.65223e-09 930.341 929.829 0.000510817
5.60035e-07 56 26 -9.90534e-09 930.341 929.829 0.000521033
5.71235e-07 56 26 -1.01649e-08 930.341 929.828 0.000531454
5.8266e-07 56 26 -1.04311e-08 930.34 929.828 0.000542083
5.94313e-07 56 26 -1.07041e-08 930.34 929.827 0.000552924
6.062e-07 56 26 -1.0984e-08 930.339 929.827 0.000563982
6.18324e-07 56 26 -1.1271e-08 930.339 929.826 0.000575262
6.3069e-07 56 26 -1.15652e-08 930.338 929.826 0.000586767
6.43304e-07 56 26 -1.18669e-08 930.338 929.825 0.000598502
6.5617e-07 56 26 -1.21762e-08 930.337 929.825 0.000610472
6.69293e-07 56 26 -1.24933e-08 930.337 929.824 0.000622681
6.82679e-07 56 26 -1.28183e-08 930.336 929.824 0.000635134
6.96333e-07 56 26 -1.31514e-08 930.336 929.823 0.000647836
7.10259e-07 56 26 -1.34929e-08 930.335 929.823 0.000660793
7.24465e-07 56 26 -1.38429e-08 930.335 929.822 0.000674009
7.38954e-07 56 26 -1.42016e-08 930.334 929.822 0.000687488
7.53733e-07 56 26 -1.45692e-08 930.334 929.821 0.000701238
7.68808e-07 56 26 -1.49458e-08 930.333 929.821 0.000715262
7.84184e-07 56 26 -1.53318e-08 930.333 929.82 0.000729567
7.99867e-07 56 26 -1.57272e-08 930.332 929.819 0.000744158
8.15865e-07 56 26 -1.61323e-08 930.332 929.819 0.000759041
8.32182e-07 56 26 -1.65473e-08 930.331 929.818 0.000774222
8.48826e-07 56 26 -1.69724e-08 930.331 929.818 0.000789706
8.65802e-07 56 26 -1.74078e-08 930.33 929.817 0.0008055
8.83118e-07 56 26 -1.78537e-08 930.33 929.817 0.000821609
9.00781e-07 56 26 -1.83103e-08 930.329 929.816 0.000838041
9.18796e-07 56 26 -1.87779e-08 930.329 929.815 0.000854801
9.37172e-07 56 26 -1.92567e-08 930.328 929.815 0.000871897
9.55916e-07 56 26 -1.97468e-08 930.328 929.814 0.000889335
9.75034e-07 56 26 -2.02485e-08 930.327 929.813 0.000907121
9.94535e-07 56 26 -2.0762e-08 930.327 929.813 0.000925263
1.01443e-06 56 26 -2.12876e-08 930.326 929.812 0.000943768
1.03471e-06 56 26 -2.18254e-08 930.326 929.812 0.000962643
1.05541e-06 56 26 -2.23756e-08 930.325 929.811 0.000981895
1.07652e-06 56 26 -2.29386e-08 930.325 929.81 0.00100153
1.09805e-06 56 26 -2.35144e-08 930.324 929.81 0.00102156
1.12001e-06 56 26 -2.41034e-08 930.324 929.809 0.00104199
1.14241e-06 56 26 -2.47057e-08 930.323 929.808 0.00106283
1.16526e-06 56 26 -2.53215e-08 930.322 929.808 0.00108409
1.18856e-06 56 26 -2.5951e-08 930.322 929.807 0.00110577
1.21233e-06 56 26 -2.65945e-08 930.321 929.806 0.00112789
1.23658e-06 56 26 -2.72522e-08 930.321 929.805 0.00115044
1.26131e-06 56 26 -2.79241e-08 930.32 929.805 0.00117345
1.28654e-06 56 26 -2.86106e-08 930.32 929.804 0.00119692
1.31227e-06 56 26 -2.93118e-08 930.319 929.803 0.00122086
1.33851e-06 56 26 -3.00279e-08 930.319 929.803 0.00124527
1.36528e-06 56 26 -3.0759e-08 930.318 929.802 0.00127018
1.39259e-06 56 26 -3.15053e-08 930.318 929.801 0.00129558
1.42044e-06 56 26 -3.22669e-08 930.317 929.8 0.00132149
1.44885e-06 56 26 -3.3044e-08 930.317 929.8 0.00134792
1.47783e-06 56 26 -3.38367e-08 930.316 929.799 0.00137488
1.50738e-06 56 26 -3.4645e-08 930.315 929.798 0.00140238
1.53753e-06 56 26 -3.54692e-08 930.315 929.797 0.00143042
1.56828e-06 56 26 -3.63092e-08 930.314 929.796 0.00145903
1.59965e-06 56 26 -3.71651e-08 930.314 929.796 0.00148821
1.63164e-06 56 26 -3.80369e-08 930.313 929.795 0.00151797
1.66427e-06 56 26 -3.89246e-08 930.313 929.794 0.00154833
1.69756e-06 56 26 -3.98283e-08 930.312 929.793 0.0015793
1.73151e-06 56 26 -4.07479e-08 930.312 929.792 0.00161088
1.76614e-06 56 26 -4.16833e-08 930.311 929.791 0.0016431
1.80146e-06 56 26 -4.26344e-08 930.311 929.79 0.00167596
1.83749e-06 56 26 -4.36011e-08 930.31 929.79 0.00170948
1.87424e-06 56 26 -4.45832e-08 930.31 929.789 0.00174367
1.91173e-06 56 26 -4.55805e-08 930.309 929.788 0.00177854
1.94996e-06 56 26 -4.65928e-08 930.309 929.787 0.00181411
1.98896e-06 56 26 -4.76197e-08 930.308 929.786 0.00185039
2.02874e-06 56 26 -4.86609e-08 930.307 929.785 0.0018874
2.06931e-06 56 26 -4.97161e-08 930.307 929.784 0.00192515
2.1107e-06 56 26 -5.07846e-08 930.306 929.783 0.00196365
2.15291e-06 56 26 -5.18662e-08 930.306 929.782 0.00200292
2.19597e-06 56 26 -5.29601e-08 930.305 929.781 0.00204298
2.23989e-06 56 26 -5.40658e-08 930.305 929.78 0.00208384
2.28469e-06 56 26 -5.51824e-08 930.304 929.779 0.00212551
2.33038e-06 56 26 -5.63093e-08 930.304 929.778 0.00216802
2.37699e-06 56 26 -5.74456e-08 930.303 929.777 0.00221138
2.42453e-06 56 26 -5.85902e-08 930.303 929.775 0.00225561
2.47302e-06 56 26 -5.97421e-08 930.303 929.774 0.00230072
2.52248e-06 56 26 -6.09001e-08 930.302 929.773 0.00234673
2.57293e-06 56 26 -6.20631e-08 930.302 929.772 0.00239366
2.62439e-06 56 26 -6.32295e-08 930.301 929.771 0.00244154
2.67688e-06 56 26 -6.43979e-08 930.301 929.77 0.00249037
2.73042e-06 56 26 -6.55666e-08 930.3 929.768 0.00254017
2.78502e-06 56 26 -6.67339e-08 930.3 929.767 0.00259097
2.84072e-06 56 26 -6.78979e-08 930.299 929.766 0.00264279
2.89754e-06 56 26 -6.90564e-08 930.299 929.765 0.00269565
2.95549e-06 56 26 -7.02072e-08 930.299 929.763 0.00274956
3.0146e-06 56 26 -7.13479e-08 930.298 929.762 0.00280455
3.07489e-06 56 26 -7.24759e-08 930.298 929.761 0.00286064
3.13639e-06 56 26 -7.35884e-08 930.298 929.759 0.00291785
3.19912e-06 56 26 -7.46823e-08 930.297 929.758 0.0029762
3.2631e-06 56 26 -7.57546e-08 930.297 929.756 0.00303573
3.32836e-06 56 26 -7.68016e-08 930.297 929.755 0.00309644
3.39493e-06 56 26 -7.78196e-08 930.296 929.753 0.00315837
3.46283e-06 56 26 -7.88048e-08 930.296 929.752 0.00322153
3.53208e-06 56 26 -7.97529e-08 930.296 929.75 0.00328596
3.60272e-06 56 26 -8.06592e-08 930.295 929.749 0.00335168
3.67478e-06 56 26 -8.1519e-08 930.295 929.747 0.00341871
3.74827e-06 56 26 -8.23271e-08 930.295 929.745 0.00348708
3.82324e-06 56 26 -8.30781e-08 930.295 929.744 0.00355682
3.89971e-06 56 26 -8.37659e-08 930.295 929.742 0.00362796
3.9777e-06 56 26 -8.43844e-08 930.294 929.74 0.00370052
4.05725e-06 56 26 -8.4927e-08 930.294 929.738 0.00377452
4.1384e-06 56 26 -8.53865e-08 930.294 929.737 0.00385001
4.22117e-06 56 26 -8.57554e-08 930.294 929.735 0.00392701
4.30559e-06 56 26 -8.60258e-08 930.294 929.733 0.00400555
4.3917e-06 56 26 -8.61893e-08 930.294 929.731 0.00408566
4.47954e-06 56 26 -8.62368e-08 930.294 929.729 0.00416737
4.56913e-06 56 26 -8.61588e-08 930.294 929.727 0.00425072
4.66051e-06 56 26 -8.59452e-08 930.294 929.725 0.00433573
4.75372e-06 56 26 -8.55855e-08 930.294 929.722 0.00442244
4.84879e-06 56 26 -8.50682e-08 930.294 929.72 0.00451089
4.94577e-06 56 26 -8.43814e-08 930.294 929.718 0.00460111
5.04468e-06 56 26 -8.35126e-08 930.295 929.716 0.00469313
5.14558e-06 56 26 -8.24484e-08 930.295 929.713 0.00478699
5.24849e-06 56 26 -8.11746e-08 930.295 929.711 0.00488272
5.35346e-06 56 26 -7.96765e-08 930.295 929.708 0.00498038
5.46053e-06 56 26 -7.79382e-08 930.296 929.706 0.00507998
5.56974e-06 56 26 -7.59434e-08 930.296 929.703 0.00518158
5.68113e-06 56 26 -7.36745e-08 930.296 929.701 0.00528521
5.79476e-06 56 26 -7.11131e-08 930.297 929.698 0.00539091
5.91065e-06 56 26 -6.82738e-08 930.297 929.695 0.00549873
6.02886e-06 56 26 -6.50697e-08 930.298 929.692 0.0056087
6.14944e-06 56 26 -6.15121e-08 930.298 929.689 0.00572088
6.27243e-06 56 26 -5.75785e-08 930.299 929.686 0.00583529
6.39788e-06 56 26 -5.32452e-08 930.3 929.683 0.005952
6.52584e-06 56 26 -4.84873e-08 930.3 929.68 0.00607104
6.65635e-06 56 26 -4.32787e-08 930.301 929.677 0.00619246
6.78948e-06 56 26 -3.75919e-08 930.302 929.673 0.00631631
6.92527e-06 56 26 -3.13981e-08 930.303 929.67 0.00644263
7.06378e-06 56 26 -2.46671e-08 930.304 929.667 0.00657148
7.20505e-06 56 26 -1.73673e-08 930.305 929.663 0.00670291
7.34915e-06 56 26 -9.46534e-09 930.306 929.659 0.00683697
7.49614e-06 56 26 -9.26625e-10 930.307 929.656 0.00697371
7.64606e-06 56 26 8.28542e-09 930.308 929.652 0.00711318
7.79898e-06 56 26 1.82089e-08 930.31 929.648 0.00725545
7.95496e-06 56 26 2.88839e-08 930.311 929.644 0.00740056
8.11406e-06 56 26 4.0352e-08 930.312 929.64 0.00754857
8.27634e-06 56 26 5.26571e-08 930.314 929.636 0.00769954
8.44187e-06 56 26 6.5845e-08 930.316 929.631 0.00785353
8.6107e-06 56 26 7.99635e-08 930.317 929.627 0.00801061
8.78292e-06 56 26 9.50624e-08 930.319 929.622 0.00817082
8.95858e-06 56 26 1.11194e-07 930.321 929.618 0.00833424
9.13775e-06 56 26 1.28413e-07 930.323 929.613 0.00850093
9.3205e-06 56 26 1.46776e-07 930.325 929.608 0.00867095
9.50691e-06 56 26 1.66343e-07 930.327 929.603 0.00884437
9.69705e-06 56 26 1.87176e-07 930.329 929.598 0.00902126
9.89099e-06 56 26 2.0934e-07 930.331 929.592 0.00920169
1.00888e-05 56 26 2.32902e-07 930.334 929.587 0.00938573
1.02906e-05 56 26 2.57933e-07 930.336 929.582 0.00957345
1.04964e-05 56 26 2.84506e-07 930.339 929.576 0.00976492
1.07063e-05 56 26 3.12699e-07 930.341 929.57 0.00996023
1.09205e-05 60 28 3.23355e-07 930.342 929.56 0.0101594
1.11389e-05 60 28 3.54775e-07 930.345 929.554 0.0103626
1.13616e-05 60 28 3.88067e-07 930.348 929.548 0.0105699
1.15889e-05 60 28 4.23323e-07 930.351 929.541 0.0107813
1.18207e-05 60 28 4.60638e-07 930.354 929.535 0.0109969
1.20571e-05 60 28 5.00111e-07 930.358 929.528 0.0112169
1.22982e-05 62 28 4.7392e-07 930.355 929.532 0.0114412
1.25442e-05 62 28 5.14157e-07 930.359 929.526 0.0116701
1.27951e-05 62 28 5.56692e-07 930.362 929.518 0.0119035
1.3051e-05 62 28 6.01632e-07 930.366 929.511 0.0121416
1.3312e-05 62 28 6.49092e-07 930.369 929.504 0.0123844
1.35782e-05 62 28 6.99189e-07 930.373 929.496 0.0126321
1.38498e-05 62 28 7.52047e-07 930.377 929.488 0.0128848
1.41268e-05 62 28 8.07792e-07 930.381 929.48 0.0131425
1.44093e-05 62 28 8.66559e-07 930.385 929.472 0.0134053
1.46975e-05 62 28 9.28487e-07 930.389 929.464 0.0136735
1.49914e-05 62 28 9.93719e-07 930.393 929.456 0.0139469
1.52913e-05 62 28 1.06241e-06 930.398 929.447 0.0142259
1.55971e-05 62 28 1.13471e-06 930.403 929.438 0.0145104
1.5909e-05 62 28 1.21078e-06 930.407 929.429 0.0148007
1.62272e-05 62 28 1.2908e-06 930.412 929.42 0.0150967
1.65518e-05 62 28 1.37494e-06 930.418 929.41 0.0153987
1.68828e-05 62 28 1.46339e-06 930.423 929.4 0.0157067
1.72205e-05 62 28 1.55633e-06 930.428 929.39 0.0160208
1.75649e-05 62 28 1.65397e-06 930.434 929.38 0.0163413
1.79162e-05 62 28 1.75652e-06 930.44 929.37 0.0166682
1.82745e-05 62 28 1.86418e-06 930.446 929.359 0.0170016
1.864e-05 62 28 1.97719e-06 930.452 929.348 0.0173416
1.90128e-05 62 28 2.09578e-06 930.458 929.337 0.0176885
1.9393e-05 62 28 2.22019e-06 930.465 929.326 0.0180423
1.97809e-05 62 28 2.35067e-06 930.471 929.315 0.0184032
2.01765e-05 62 28 2.4875e-06 930.478 929.303 0.0187713
2.058e-05 62 28 2.63094e-06 930.485 929.291 0.0191468
2.09916e-05 62 28 2.78128e-06 930.492 929.278 0.0195298
2.14115e-05 62 28 2.93882e-06 930.5 929.266 0.0199204
2.18397e-05 62 28 3.10387e-06 930.507 929.253 0.0203189
2.22765e-05 62 28 3.27675e-06 930.515 929.24 0.0207253
2.2722e-05 62 28 3.4578e-06 930.523 929.226 0.0211399
2.31765e-05 62 28 3.64737e-06 930.532 929.213 0.0215628
2.364e-05 62 28 3.84581e-06 930.54 929.199 0.0219941
2.41128e-05 62 28 4.05352e-06 930.549 929.184 0.0224341
2.45951e-05 62 28 4.27088e-06 930.558 929.17 0.0228828
2.5087e-05 62 28 4.4983e-06 930.567 929.155 0.0233406
2.55887e-05 62 28 4.73621e-06 930.576 929.14 0.0238075
2.61005e-05 62 28 4.98507e-06 930.586 929.124 0.0242837
2.66225e-05 62 28 5.24532e-06 930.596 929.109 0.0247695
2.71549e-05 62 28 5.51745e-06 930.606 929.092 0.025265
2.7698e-05 62 28 5.80197e-06 930.616 929.076 0.0257704
2.8252e-05 62 28 6.09939e-06 930.627 929.059 0.026286
2.8817e-05 62 28 6.41026e-06 930.638 929.042 0.0268118
2.93934e-05 62 28 6.73515e-06 930.649 929.024 0.0273482
2.99812e-05 62 28 7.07465e-06 930.66 929.007 0.0278953
3.05809e-05 62 28 7.42936e-06 930.672 928.988 0.0284533
3.11925e-05 62 28 7.79993e-06 930.684 928.97 0.0290225
3.18163e-05 62 28 8.18702e-06 930.696 928.951 0.0296031
3.24526e-05 62 28 8.59133e-06 930.709 928.931 0.0301954
3.31017e-05 62 28 9.01357e-06 930.722 928.912 0.0307995
3.37637e-05 62 28 9.45449e-06 930.735 928.891 0.0314156
3.4439e-05 62 28 9.91489e-06 930.749 928.871 0.0320441
3.51278e-05 62 28 1.03956e-05 930.762 928.85 0.0326852
3.58303e-05 62 28 1.08974e-05 930.776 928.829 0.0333391
3.6547e-05 62 28 1.14212e-05 930.791 928.807 0.0340062
3.72779e-05 62 28 1.19679e-05 930.806 928.784 0.0346865
3.80235e-05 62 28 1.25385e-05 930.821 928.762 0.0353805
3.87839e-05 62 28 1.3134e-05 930.836 928.739 0.0360884
3.95596e-05 62 28 1.37553e-05 930.852 928.715 0.0368104
4.03508e-05 62 28 1.44037e-05 930.869 928.691 0.0375469
4.11578e-05 62 28 1.50802e-05 930.885 928.666 0.0382981
4.1981e-05 62 28 1.57859e-05 930.902 928.641 0.0390644
4.28206e-05 62 28 1.65221e-05 930.919 928.616 0.039846
4.3677e-05 62 28 1.72901e-05 930.937 928.59 0.0406432
4.45505e-05 62 28 1.80911e-05 930.955 928.563 0.0414565
4.54415e-05 62 28 1.89266e-05 930.974 928.536 0.042286
4.63504e-05 62 28 1.9798e-05 930.993 928.508 0.0431321
4.72774e-05 62 28 2.07066e-05 931.012 928.48 0.0439951
4.82229e-05 62 28 2.16542e-05 931.032 928.451 0.0448754
4.91874e-05 62 28 2.26423e-05 931.052 928.422 0.0457734
5.01711e-05 62 28 2.36726e-05 931.073 928.392 0.0466893
5.11746e-05 62 28 2.47468e-05 931.094 928.361 0.0476236
5.2198e-05 62 28 2.58667e-05 931.116 928.33 0.0485766
5.3242e-05 62 28 2.70343e-05 931.138 928.299 0.0495486
5.43069e-05 62 28 2.82514e-05 931.161 928.266 0.0505402
5.5393e-05 62 28 2.95202e-05 931.184 928.233 0.0515515
5.65008e-05 62 28 3.08427e-05 931.208 928.2 0.0525832
5.76309e-05 62 28 3.22213e-05 931.232 928.165 0.0536355
5.87835e-05 62 28 3.36581e-05 931.256 928.131 0.0547088
5.99592e-05 88 38 3.07378e-05 931.208 928.157 0.0558037
6.11583e-05 88 38 3.21292e-05 931.231 928.121 0.0569204
6.23815e-05 88 38 3.35799e-05 931.254 928.084 0.0580595
6.36291e-05 88 38 3.50923e-05 931.278 928.046 0.0592213
6.49017e-05 88 38 3.66689e-05 931.303 928.007 0.0604065
6.61997e-05 88 38 3.83125e-05 931.328 927.968 0.0616154
6.75237e-05 88 38 4.00258e-05 931.354 927.928 0.0628485
6.88742e-05 88 38 4.18116e-05 931.38 927.887 0.0641062
7.02517e-05 88 38 4.3673e-05 931.407 927.846 0.0653892
7.16567e-05 88 38 4.56131e-05 931.434 927.803 0.0666979
7.30899e-05 88 38 4.76352e-05 931.462 927.76 0.0680328
7.45517e-05 88 38 4.97426e-05 931.49 927.716 0.0693944
7.60427e-05 88 38 5.19389e-05 931.52 927.671 0.0707833
7.75636e-05 88 38 5.42277e-05 931.549 927.625 0.0722001
7.91148e-05 88 38 5.66128e-05 931.58 927.579 0.0736452
8.06971e-05 88 38 5.90982e-05 931.611 927.531 0.0751192
8.23111e-05 88 38 6.16881e-05 931.643 927.482 0.0766228
8.39573e-05 88 38 6.43868e-05 931.675 927.433 0.0781565
8.56364e-05 88 38 6.71986e-05 931.708 927.382 0.079721
8.73492e-05 87 37 6.80351e-05 931.718 927.372 0.0813167
8.90961e-05 87 37 7.09973e-05 931.752 927.32 0.0829445
9.08781e-05 86 36 7.17842e-05 931.76 927.312 0.0846048
9.26956e-05 86 36 7.49007e-05 931.794 927.258 0.0862984
9.45495e-05 86 36 7.81475e-05 931.829 927.203 0.0880259
9.64405e-05 86 36 8.15299e-05 931.864 927.147 0.089788
9.83693e-05 86 36 8.50536e-05 931.901 927.09 0.0915854
0.000100337 86 36 8.87244e-05 931.937 927.032 0.0934188
0.000102343 86 36 9.25482e-05 931.975 926.972 0.095289
0.00010439 86 36 9.65314e-05 932.014 926.912 0.0971967
0.000106478 86 36 0.000100681 932.053 926.85 0.0991426
0.000108608 86 36 0.000105002 932.093 926.787 0.101128
0.00011078 86 36 0.000109504 932.134 926.723 0.103152
0.000112995 86 36 0.000114193 932.176 926.658 0.105217
0.000115255 86 36 0.000119077 932.219 926.591 0.107324
0.00011756 86 36 0.000124164 932.263 926.523 0.109473
0.000119912 86 36 0.000129462 932.307 926.454 0.111665
0.00012231 86 36 0.000134979 932.353 926.383 0.113901
0.000124756 86 36 0.000140726 932.399 926.311 0.116182
0.000127251 86 36 0.000146711 932.447 926.238 0.118508
0.000129796 86 36 0.000152944 932.495 926.163 0.120881
0.000132392 86 36 0.000159436 932.545 926.087 0.123302
0.00013504 86 36 0.000166196 932.595 926.009 0.125772
0.000137741 84 34 0.000162052 932.565 926.069 0.12829
0.000140496 84 34 0.000168912 932.615 925.989 0.130859
0.000143306 84 34 0.000176055 932.665 925.907 0.13348
0.000146172 84 34 0.000183494 932.716 925.824 0.136153
0.000149095 84 34 0.000191239 932.769 925.74 0.13888
0.000152077 84 34 0.000199305 932.822 925.654 0.141662
0.000155119 84 34 0.000207704 932.877 925.566 0.144499
0.000158221 84 34 0.000216449 932.933 925.476 0.147393
0.000161385 84 34 0.000225555 932.99 925.384 0.150345
0.000164613 84 34 0.000235037 933.048 925.291 0.153357
0.000167905 84 34 0.00024491 933.107 925.196 0.156429
0.000171263 84 34 0.000255189 933.168 925.099 0.159562
0.000174689 84 34 0.000265892 933.23 925 0.162759
0.000178182 84 34 0.000277036 933.293 924.899 0.166019
0.000181746 84 34 0.000288639 933.358 924.797 0.169345
0.000185381 84 34 0.000300719 933.423 924.692 0.172738
0.000189089 84 34 0.000313296 933.491 924.585 0.176199
0.00019287 84 34 0.000326391 933.559 924.476 0.17973
0.000196728 84 34 0.000340024 933.629 924.365 0.183331
0.000200662 84 34 0.000354218 933.7 924.252 0.187004
0.000204676 84 34 0.000368995 933.773 924.136 0.190752
0.000208769 84 34 0.00038438 933.848 924.018 0.194574
0.000212945 84 34 0.000400396 933.924 923.898 0.198474
0.000217203 84 34 0.00041707 934.001 923.776 0.202451
0.000221547 82 32 0.000404052 933.942 923.886 0.206508
0.000225978 82 32 0.000420861 934.017 923.76 0.210647
0.000230498 132 50 0.000402854 933.938 923.782 0.214868
0.000235108 132 50 0.000419748 934.01 923.652 0.219173
0.00023981 132 50 0.000437338 934.084 923.52 0.223566
0.000244606 132 50 0.000455654 934.16 923.385 0.228046
0.000249498 132 50 0.000474724 934.237 923.247 0.232616
0.000254488 132 50 0.000494581 934.316 923.106 0.237278
0.000259578 132 50 0.000515255 934.396 922.963 0.242034
0.00026477 132 50 0.00053678 934.478 922.817 0.246885
0.000270065 132 50 0.000559191 934.562 922.668 0.251833
0.000275466 132 50 0.000582525 934.648 922.516 0.256882
0.000280976 132 50 0.000606818 934.735 922.361 0.262031
0.000286595 132 50 0.000632111 934.824 922.203 0.267284
0.000292327 132 50 0.000658444 934.915 922.042 0.272643
0.000298174 132 50 0.000685859 935.008 921.878 0.278109
0.000304137 132 50 0.000714401 935.103 921.71 0.283685
0.00031022 132 50 0.000744116 935.2 921.54 0.289373
0.000316424 132 50 0.000775051 935.298 921.365 0.295176
0.000322753 132 50 0.000807256 935.399 921.188 0.301095
0.000329208 132 50 0.000840784 935.502 921.007 0.307134
0.000335792 132 50 0.000875688 935.607 920.822 0.313294
0.000342508 132 50 0.000912025 935.714 920.634 0.319577
0.000349358 132 50 0.000949852 935.823 920.442 0.325988
0.000356345 128 46 0.000891292 935.658 920.773 0.332526
0.000363472 128 46 0.000928222 935.76 920.578 0.339195
0.000370742 128 46 0.000966666 935.865 920.379 0.345997
0.000378156 128 46 0.00100668 935.972 920.177 0.352937
0.00038572 128 46 0.00104834 936.081 919.97 0.360016
0.000393434 128 46 0.00109171 936.192 919.76 0.367238
0.000401303 128 46 0.00113685 936.306 919.545 0.374605
0.000409329 128 46 0.00118384 936.422 919.326 0.38212
0.000417515 128 46 0.00123275 936.54 919.103 0.389787
0.000425866 128 46 0.00128367 936.661 918.875 0.397608
0.000434383 128 46 0.00133667 936.784 918.643 0.405586
0.00044307 128 46 0.00139184 936.91 918.406 0.413725
0.000451932 128 46 0.00144926 937.038 918.164 0.422028
0.000460971 126 44 0.00142545 936.984 918.278 0.430497
0.00047019 126 44 0.00148422 937.111 918.03 0.439136
0.000479594 126 44 0.00154539 937.239 917.778 0.447949
0.000489186 126 44 0.00160906 937.371 917.52 0.456939
0.000498969 124 42 0.00157676 937.304 917.665 0.466109
0.000508949 124 42 0.00164168 937.433 917.401 0.475464
0.000519128 124 42 0.00170925 937.565 917.132 0.485006
0.00052951 124 42 0.00177958 937.699 916.858 0.494741
0.0005401 124 42 0.00185278 937.836 916.578 0.504673
0.000550902 124 42 0.00192897 937.975 916.293 0.514804
0.000561921 124 42 0.00200827 938.118 916.002 0.525139
0.000573159 126 42 0.00202386 938.145 915.945 0.535682
0.000584622 126 42 0.00210704 938.289 915.645 0.546437
0.000596315 122 40 0.00212417 938.317 915.599 0.557408
0.000608241 122 40 0.00221139 938.462 915.29 0.5686
0.000620406 124 40 0.00222736 938.487 915.233 0.580016
0.000632814 124 40 0.0023188 938.633 914.914 0.591661
0.00064547 124 40 0.00241396 938.782 914.589 0.603542
0.000658379 124 40 0.00251301 938.934 914.257 0.615662
0.000671547 122 38 0.00243988 938.824 914.521 0.628025
0.000684978 122 38 0.00253994 938.972 914.182 0.640635
0.000698678 122 38 0.00264407 939.122 913.837 0.6535
0.000712651 122 38 0.00275245 939.276 913.485 0.666624
0.000726904 124 38 0.00277229 939.304 913.422 0.680012
0.000741442 124 38 0.0028859 939.459 913.059 0.693668
0.000756271 178 52 0.00270187 939.215 913.545 0.707599
0.000771396 178 52 0.00281294 939.36 913.177 0.721806
0.000786824 178 52 0.00292855 939.509 912.802 0.7363
0.000802561 178 52 0.00304888 939.66 912.42 0.751086
