0.000297173 123.795 38.1856 0.00114005 0.27807 8.98747e-05
0.000547173 129.312 38.3892 0.00139116 0.513057 9.72981e-05
0.000797173 129.312 38.3892 0.00193213 0.748389 0.00017163
0.00104717 132.381 36.5546 0.00203874 0.983339 0.000115389
0.00129717 139.874 39.2971 0.00223535 1.21856 0.000116562
0.00154717 139.075 38.5491 0.00245266 1.45384 0.000110276
0.00179717 143.013 39.3667 0.00264535 1.68917 0.00014008
0.00204717 146.265 39.9417 0.00288951 1.92453 0.000163939
0.00229717 149.117 40.3164 0.00318597 2.15993 0.000181188
0.00254717 151.36 40.5768 0.00351831 2.39536 0.000195496
0.00279717 153.476 40.7825 0.00387821 2.63082 0.000207936
0.00304717 155.657 40.9576 0.00426097 2.86631 0.000219057
0.00329717 157.426 41.0869 0.00466778 3.10184 0.000229279
0.00354717 159.162 41.1949 0.0050947 3.3374 0.000238739
0.00379717 161.02 41.2916 0.00553921 3.57299 0.000247565
0.00404717 162.57 41.361 0.00600437 3.80861 0.000255939
0.00429717 164.058 41.4165 0.00648745 4.04426 0.000263892
0.00454717 165.573 41.4622 0.00698698 4.27993 0.000271474
0.00479717 167.142 41.4994 0.00750208 4.51564 0.000278735
0.00504717 168.447 41.5202 0.00803631 4.75137 0.000285762
0.00529717 169.757 41.5334 0.00858616 4.98713 0.000292542
0.00554717 171.119 41.5403 0.00915063 5.22292 0.000299097
0.00579717 172.476 41.5396 0.00973024 5.45873 0.000305463
0.00604717 173.635 41.529 0.0103279 5.69456 0.000311685
0.00629717 174.803 41.5126 0.0109401 5.93043 0.000317747
0.00654717 176.017 41.4908 0.0115662 6.16631 0.000323657
0.00679717 176.017 41.4908 0.0129691 6.40234 0.000385035
0.00704717 178.314 41.4292 0.0128639 6.63816 0.000335123
0.00729717 179.36 41.3902 0.0135361 6.87412 0.0003407
0.00754717 180.433 41.3462 0.0142219 7.1101 0.000346171
0.00779717 181.66 41.2965 0.0149179 7.3461 0.000351521
0.00804717 182.595 41.2436 0.0156346 7.58213 0.000356838
0.00829717 183.535 41.1864 0.0163649 7.81818 0.00036207
0.00854717 184.488 41.1248 0.0171086 8.05425 0.000367223
0.00879717 185.477 41.0585 0.0178649 8.29034 0.000372297
0.00904717 186.554 40.986 0.0186318 8.52646 0.00037729
0.00929717 188.799 41.3181 0.0191481 8.7626 0.000400594
0.00954717 191.091 41.6614 0.0196607 8.99874 0.000424858
0.00979717 192.928 41.8681 0.0202727 9.2349 0.000443131
0.0100472 194.584 42.0156 0.0209332 9.47108 0.000458859
0.0102972 196.149 42.1265 0.0216266 9.70728 0.000473063
0.0105472 197.699 42.2104 0.0223445 9.94349 0.000486191
0.0107972 199.173 42.2755 0.0230854 10.1797 0.000498565
0.0110472 200.469 42.329 0.0238516 10.416 0.00051041
0.0112972 201.737 42.3693 0.0246361 10.6522 0.000521749
0.0115472 202.986 42.3981 0.0254376 10.8885 0.000532663
0.0117972 204.231 42.4162 0.0262544 11.1248 0.000543207
0.0120472 205.504 42.4238 0.0270843 11.3611 0.000553413
0.0122972 206.789 42.422 0.0279274 11.5975 0.000563333
0.0125472 207.886 42.4194 0.0287929 11.8338 0.000573108
0.0127972 208.976 42.4098 0.029672 12.0702 0.000582656
0.0130472 210.062 42.3936 0.0305642 12.3066 0.000591996
0.0132972 211.153 42.3708 0.0314684 12.543 0.000601143
0.0135472 212.269 42.3409 0.0323834 12.7794 0.000610102
0.0137972 213.476 42.3008 0.0333043 13.0158 0.000618849
0.0140472 214.452 42.2661 0.0342506 13.2523 0.000627584
0.0142972 215.425 42.2265 0.0352084 13.4888 0.000636178
0.0145472 216.398 42.182 0.0361775 13.7252 0.000644639
0.0147972 217.376 42.1325 0.037157 13.9617 0.000652972
0.0150472 218.37 42.0777 0.0381461 14.1983 0.000661179
0.0152972 219.418 42.0153 0.0391414 14.4348 0.000669243
0.0155472 220.43 41.9503 0.0401491 14.6714 0.000677228
0.0157972 221.31 41.8891 0.0411766 14.9079 0.000685193
0.0160472 222.191 41.8239 0.042214 15.1445 0.00069306
0.0162972 223.074 41.7547 0.0432607 15.3811 0.000700832
0.0165472 223.967 41.6813 0.044316 15.6177 0.000708511
0.0167972 224.879 41.6028 0.0453786 15.8544 0.000716092
0.0170472 225.878 41.5148 0.0464424 16.091 0.000723538
0.0172972 227.186 41.5445 0.0473888 16.3277 0.000736596
0.0175472 227.186 41.5445 0.0476703 16.5644 0.000788253
0.0177972 231.676 42.1129 0.0486905 16.8011 0.000788149
0.0180472 233.337 42.2439 0.0495345 17.0377 0.000806425
0.0182972 234.876 42.3398 0.0504254 17.2745 0.000823029
0.0185472 236.338 42.4115 0.0513493 17.5112 0.000838511
0.0187972 237.75 42.4648 0.0522986 17.7479 0.00085316
0.0190472 239.135 42.5026 0.0532677 17.9847 0.000867146
0.0192972 240.526 42.5253 0.0542511 18.2214 0.000880555
0.0195472 241.912 42.5363 0.0552481 18.4582 0.000893503
0.0197972 243.122 42.5511 0.0562754 18.695 0.000906285
0.0200472 244.314 42.5579 0.0573163 18.9318 0.000918731
0.0202972 245.491 42.5575 0.0583695 19.1686 0.000930875
0.0205472 246.657 42.5503 0.059434 19.4054 0.000942747
0.0207972 247.818 42.5367 0.0605084 19.6423 0.000954367
0.0210472 248.98 42.5166 0.0615916 19.8791 0.000965751
0.0212972 250.156 42.4893 0.0626813 20.116 0.000976899
0.0215472 251.436 42.4472 0.0637651 20.3528 0.000987708
0.0217972 252.509 42.4186 0.0648832 20.5897 0.000998618
0.0220472 253.555 42.3868 0.066012 20.8266 0.00100938
0.0222972 254.597 42.3508 0.0671484 21.0635 0.00101998
0.0225472 255.637 42.3106 0.0682921 21.3005 0.00103043
0.0227972 256.677 42.2663 0.0694422 21.5374 0.00104072
0.0230472 257.721 42.2177 0.0705979 21.7744 0.00105087
0.0232972 258.777 42.1644 0.0717579 22.0113 0.00106087
0.0235472 259.863 42.1048 0.0729188 22.2483 0.0010707
0.0237972 261.021 42.0353 0.074074 22.4853 0.00108032
0.0240472 261.976 41.9807 0.0752649 22.7223 0.00109009
0.0242972 262.93 41.9231 0.0764612 22.9593 0.00109975
0.0245472 263.885 41.8624 0.0776626 23.1963 0.00110929
0.0247972 264.841 41.7987 0.0788683 23.4334 0.00111873
0.0250472 265.801 41.7318 0.0800779 23.6704 0.00112805
0.0252972 266.769 41.6615 0.0812904 23.9075 0.00113726
0.0255472 268.111 41.6703 0.0823714 24.1446 0.00115055
0.0257972 270.89 42.0065 0.0829278 24.3817 0.00118042
0.0260472 273.002 42.1788 0.0837418 24.6188 0.00120208
0.0262972 274.978 42.2849 0.0846304 24.8559 0.00122072
0.0265472 276.677 42.3824 0.0855936 25.093 0.00123835
0.0267972 278.273 42.4602 0.0865953 25.3301 0.00125495
0.0270472 279.811 42.522 0.0876238 25.5672 0.00127075
0.0272972 281.306 42.5713 0.0886734 25.8043 0.00128593
0.0275472 282.769 42.61 0.0897402 26.0415 0.00130059
0.0277972 284.207 42.6398 0.0908212 26.2786 0.00131481
0.0280472 285.628 42.6616 0.091914 26.5158 0.00132865
0.0282972 287.038 42.6761 0.0930166 26.753 0.00134213
0.0285472 288.445 42.6836 0.0941269 26.9902 0.0013553
0.0287972 289.86 42.6837 0.0952418 27.2274 0.00136816
0.0290472 291.327 42.673 0.0963529 27.4646 0.00138063
0.0292972 292.736 42.6629 0.0974798 27.7018 0.001393
0.0295472 294.022 42.66 0.0986353 27.939 0.00140541
0.0297972 295.303 42.6531 0.0997969 28.1762 0.00141762
0.0300472 296.579 42.6424 0.100964 28.4135 0.00142964
0.0302972 297.854 42.628 0.102136 28.6507 0.00144147
0.0305472 299.129 42.6101 0.103311 28.888 0.00145313
0.0307972 300.406 42.5885 0.10449 29.1252 0.00146461
0.0310472 301.69 42.5634 0.105671 29.3625 0.00147592
0.0312972 302.985 42.5344 0.106853 29.5998 0.00148706
0.0315472 304.303 42.5007 0.108033 29.8371 0.00149802
0.0317972 305.688 42.4588 0.109202 30.0744 0.0015087
0.0320472 307.023 42.4191 0.110383 30.3117 0.00151937
0.0322972 308.229 42.389 0.111595 30.5491 0.00153017
0.0325472 309.437 42.3566 0.112809 30.7864 0.00154085
0.0327972 310.648 42.322 0.114025 31.0238 0.0015514
0.0330472 311.863 42.2851 0.115242 31.2611 0.00156183
0.0332972 313.085 42.2459 0.11646 31.4985 0.00157213
0.0335472 314.315 42.2044 0.117678 31.7359 0.00158232
0.0337972 315.556 42.1605 0.118895 31.9732 0.00159237
0.0340472 316.813 42.1138 0.12011 32.2106 0.0016023
0.0342972 318.096 42.0638 0.121321 32.448 0.00161209
0.0345472 320.698 42.2739 0.122062 32.6854 0.00163473
0.0347972 323.483 42.5099 0.122751 32.9229 0.00165864
0.0350472 325.934 42.6572 0.123574 33.1603 0.00167821
0.0352972 328.054 42.7895 0.124497 33.3977 0.00169661
0.0355472 330.065 42.8979 0.125464 33.6351 0.00171379
0.0357972 332.005 42.9897 0.126462 33.8726 0.00173009
0.0360472 333.896 43.0687 0.127482 34.11 0.00174573
0.0362972 335.752 43.1377 0.128519 34.3475 0.00176082
0.0365472 337.583 43.1983 0.129569 34.5849 0.00177546
0.0367972 339.396 43.2518 0.130631 34.8224 0.0017897
0.0370472 341.198 43.2989 0.131702 35.0599 0.00180359
0.0372972 342.993 43.3405 0.132779 35.2973 0.00181717
0.0375472 344.788 43.3768 0.133862 35.5348 0.00183045
0.0377972 346.589 43.4081 0.134948 35.7723 0.00184344
0.0380472 348.407 43.4342 0.136035 36.0098 0.00185616
0.0382972 350.261 43.454 0.137118 36.2473 0.00186856
0.0385472 352.251 43.4598 0.138173 36.4849 0.00188041
0.0387972 353.961 43.487 0.139297 36.7224 0.00189283
0.0390472 355.666 43.5114 0.140424 36.9599 0.00190509
0.0392972 357.373 43.5333 0.141554 37.1975 0.00191717
0.0395472 359.086 43.5526 0.142686 37.435 0.00192908
0.0397972 360.804 43.5697 0.14382 37.6726 0.00194083
0.0400472 362.532 43.5846 0.144955 37.9101 0.00195241
0.0402972 364.269 43.5974 0.14609 38.1477 0.00196384
0.0405472 366.02 43.6081 0.147224 38.3853 0.00197511
0.0407972 367.787 43.6167 0.148358 38.6228 0.00198623
0.0410472 369.574 43.6232 0.149489 38.8604 0.00199718
0.0412972 371.387 43.6273 0.150617 39.098 0.00200798
0.0415472 373.24 43.6286 0.151738 39.3356 0.00201858
0.0417972 375.168 43.6251 0.152845 39.5732 0.00202893
0.0420472 377.182 43.6166 0.153934 39.8109 0.00203901
0.0422972 378.918 43.6245 0.155089 40.0485 0.00204963
0.0425472 380.665 43.6313 0.156243 40.2861 0.00206012
0.0427972 382.426 43.6371 0.157397 40.5237 0.00207051
0.0430472 384.202 43.6418 0.158548 40.7614 0.00208077
0.0432972 385.993 43.6455 0.159699 40.999 0.00209093
0.0435472 387.803 43.6483 0.160847 41.2367 0.00210096
0.0437972 389.633 43.6502 0.161992 41.4744 0.00211089
0.0440472 391.485 43.6511 0.163134 41.712 0.00212069
0.0442972 393.362 43.651 0.164273 41.9497 0.00213038
0.0445472 395.911 43.7595 0.165215 42.1874 0.00214507
0.0447972 399.849 44.1 0.165756 42.4251 0.00217046
0.0450472 403.123 44.3206 0.166506 42.6628 0.00219013
0.0452972 406.184 44.4968 0.167329 42.9004 0.0022076
0.0455472 409.154 44.6469 0.16819 43.1381 0.00222374
0.0457972 412.117 44.7771 0.169067 43.3758 0.00223883
0.0460472 415.13 44.8905 0.169945 43.6136 0.00225301
0.0462972 417.815 45.0164 0.170899 43.8513 0.00226771
0.0465472 420.477 45.1346 0.171867 44.089 0.00228196
0.0467972 423.127 45.2467 0.172844 44.3267 0.00229582
0.0470472 425.772 45.3536 0.17383 44.5644 0.00230934
0.0472972 428.416 45.4562 0.174823 44.8022 0.00232256
0.0475472 431.066 45.5551 0.17582 45.0399 0.00233551
0.0477972 433.725 45.6509 0.176822 45.2777 0.00234821
0.0480472 436.398 45.7438 0.177827 45.5154 0.00236067
0.0482972 439.089 45.8344 0.178834 45.7532 0.00237291
0.0485472 441.802 45.9227 0.179842 45.9909 0.00238493
0.0487972 444.542 46.0091 0.18085 46.2287 0.00239675
0.0490472 447.314 46.0938 0.181857 46.4665 0.00240836
0.0492972 450.125 46.1768 0.182861 46.7042 0.00241978
0.0495472 452.986 46.2582 0.183862 46.942 0.00243097
0.0497972 455.918 46.3376 0.184854 47.1798 0.00244193
0.0500472 458.976 46.4139 0.185829 47.4176 0.00245254
0.0502972 462.177 46.4874 0.186783 47.6554 0.00246279
0.0505472 464.954 46.5737 0.18782 47.8932 0.00247387
0.0507972 467.757 46.6595 0.188856 48.131 0.00248481
0.0510472 470.589 46.7449 0.189892 48.3688 0.00249561
0.0512972 473.452 46.8301 0.190926 48.6066 0.00250628
0.0515472 476.348 46.9152 0.191959 48.8444 0.00251683
0.0517972 479.28 47.0002 0.192991 49.0823 0.00252724
0.0520472 482.25 47.0854 0.19402 49.3201 0.00253753
0.0522972 485.261 47.1707 0.195046 49.5579 0.00254769
0.0525472 488.316 47.2563 0.19607 49.7958 0.00255773
0.0527972 491.42 47.3422 0.19709 50.0336 0.00256764
0.0530472 494.577 47.4287 0.198105 50.2715 0.00257742
0.0532972 497.794 47.5157 0.199116 50.5093 0.00258706
0.0535472 501.082 47.6033 0.20012 50.7472 0.00259656
0.0537972 504.455 47.6916 0.201115 50.985 0.00260589
0.0540472 507.945 47.7806 0.202096 51.2229 0.00261503
0.0542972 511.648 47.8698 0.20305 51.4608 0.00262382
0.0545472 515.43 47.9609 0.203998 51.6987 0.0026325
0.0547972 518.708 48.0576 0.205029 51.9365 0.00264194
0.0550472 522.033 48.1553 0.206058 52.1744 0.00265128
0.0552972 525.406 48.2542 0.207084 52.4123 0.00266052
0.0555472 528.831 48.3543 0.208107 52.6502 0.00266966
0.0557972 532.31 48.4557 0.209126 52.8881 0.00267871
0.0560472 535.846 48.5586 0.210142 53.126 0.00268765
0.0562972 539.443 48.6631 0.211153 53.3639 0.00269651
0.0565472 543.113 48.7705 0.212159 53.6018 0.00270531
0.0567972 549.913 49.302 0.212553 53.8398 0.00273103
0.0570472 555.51 49.6598 0.213205 54.0777 0.00274948
0.0572972 560.81 49.9686 0.213933 54.3156 0.00276571
0.0575472 565.991 50.2521 0.2147 54.5535 0.0027807
0.0577972 571.128 50.5202 0.215491 54.7915 0.00279484
0.0580472 576.265 50.7783 0.216297 55.0294 0.00280834
0.0582972 581.434 51.0295 0.217114 55.2673 0.00282131
0.0585472 586.66 51.2762 0.217936 55.5053 0.00283382
0.0587972 591.975 51.5198 0.21876 55.7432 0.00284592
0.0590472 597.42 51.7617 0.219581 55.9812 0.00285758
0.0592972 603.092 52.0032 0.220387 56.2191 0.00286873
0.0595472 609.175 52.2457 0.221159 56.4571 0.00287911
0.0597972 614.365 52.4892 0.222043 56.695 0.00289087
0.0600472 619.614 52.7325 0.22293 56.933 0.00290243
0.0602972 624.929 52.9763 0.223819 57.1709 0.00291377
0.0605472 630.315 53.221 0.224709 57.4089 0.00292494
0.0607972 635.777 53.467 0.225601 57.6469 0.00293592
0.0610472 641.323 53.7147 0.226493 57.8849 0.00294673
0.0612972 646.957 53.9644 0.227385 58.1228 0.00295738
0.0615472 652.685 54.2165 0.228276 58.3608 0.00296787
0.0617972 658.514 54.4713 0.229167 58.5988 0.00297821
0.0620472 664.451 54.7292 0.230056 58.8368 0.0029884
0.0622972 670.503 54.9905 0.230943 59.0748 0.00299844
0.0625472 676.68 55.2556 0.231827 59.3128 0.00300834
0.0627972 682.99 55.5249 0.232709 59.5508 0.00301809
0.0630472 689.447 55.7988 0.233586 59.7888 0.00302769
0.0632972 696.066 56.0778 0.234459 60.0268 0.00303713
0.0635472 702.869 56.3627 0.235325 60.2648 0.00304642
0.0637972 709.886 56.6543 0.236182 60.5028 0.00305552
0.0640472 717.174 56.9539 0.237027 60.7408 0.0030644
0.0642972 724.858 57.2646 0.23785 60.9789 0.00307297
0.0645472 733.557 57.5991 0.2386 61.2169 0.00308066
0.0647972 740.679 57.9066 0.239495 61.4549 0.00308989
0.0650472 747.788 58.216 0.2404 61.6929 0.00309916
0.0652972 755.042 58.5309 0.241303 61.931 0.00310832
0.0655472 762.446 58.8518 0.242203 62.169 0.00311738
0.0657972 770.009 59.1789 0.243102 62.4071 0.00312635
0.0660472 777.741 59.5125 0.243997 62.6451 0.00313521
0.0662972 785.643 59.853 0.244891 62.8831 0.00314398
0.0665472 793.731 60.2009 0.245781 63.1212 0.00315265
0.0667972 802.014 60.5565 0.246667 63.3592 0.00316122
0.0670472 810.502 60.9203 0.247551 63.5973 0.00316969
0.0672972 819.21 61.2929 0.24843 63.8354 0.00317807
0.0675472 828.15 61.6748 0.249305 64.0734 0.00318634
0.0677972 837.342 62.0668 0.250175 64.3115 0.0031945
0.0680472 846.806 62.4695 0.251039 64.5496 0.00320256
0.0682972 856.569 62.8841 0.251897 64.7876 0.0032105
0.0685472 866.667 63.3117 0.252747 65.0257 0.00321832
0.0687972 877.15 63.7542 0.253586 65.2638 0.00322599
0.0690472 888.101 64.2144 0.254413 65.5019 0.00323348
0.0692972 899.684 64.6976 0.255217 65.74 0.00324072
0.0695472 912.427 65.2207 0.255973 65.9781 0.00324746
0.0697972 924.978 65.743 0.256758 66.2162 0.00325444
0.0700472 935.782 66.2149 0.257651 66.4542 0.00326242
0.0702972 946.866 66.6988 0.258542 66.6923 0.00327033
0.0705472 958.243 67.195 0.25943 66.9304 0.00327816
0.0707972 969.929 67.7044 0.260316 67.1685 0.00328592
0.0710472 981.939 68.2275 0.261198 67.4067 0.0032936
0.0712972 994.291 68.7651 0.262078 67.6448 0.0033012
0.0715472 1007 69.3181 0.262954 67.8829 0.00330873
0.0717972 1022.04 70.0926 0.263649 68.121 0.00332166
0.0720472 1040.08 71.162 0.26411 68.3591 0.00334175
0.0722972 1057.05 72.0912 0.264713 68.5972 0.00335743
0.0725472 1073.92 72.9813 0.265367 68.8354 0.00337141
0.0727972 1090.94 73.8589 0.26605 69.0735 0.00338437
0.0730472 1108.26 74.7367 0.266752 69.3116 0.00339664
0.0732972 1125.96 75.622 0.267465 69.5497 0.00340836
0.0735472 1144.13 76.5203 0.268187 69.7879 0.00341964
0.0737972 1162.82 77.4359 0.268915 70.026 0.00343055
0.0740472 1182.11 78.3725 0.269645 70.2641 0.00344113
0.0742972 1202.07 79.3343 0.270376 70.5023 0.00345139
0.0745472 1222.8 80.3255 0.271106 70.7404 0.00346136
0.0747972 1244.43 81.3515 0.271831 70.9786 0.00347103
0.0750472 1267.16 82.4204 0.272546 71.2167 0.00348035
0.0752972 1271.81 82.2116 0.273384 71.4549 0.00348552
0.0755472 1318.32 84.776 0.273889 71.693 0.00349727
0.0757972 1318.32 84.776 0.274843 71.9312 0.0035303
0.0760472 1367.47 87.0883 0.275391 72.1693 0.00351579
0.0762972 1391.23 88.2235 0.276198 72.4075 0.00352555
0.0765472 1391.23 88.2235 0.277194 72.6456 0.00355856
0.0767972 1441.13 90.5946 0.277819 72.8838 0.00354468
0.0770472 1467.35 91.8348 0.278631 73.122 0.00355406
0.0772972 1494.51 93.1148 0.279444 73.3601 0.00356331
0.0775472 1522.64 94.4368 0.280258 73.5983 0.00357245
0.0777972 1551.81 95.8038 0.281073 73.8365 0.00358148
0.0780472 1582.11 97.2188 0.281887 74.0747 0.00359039
0.0782972 1613.59 98.685 0.282702 74.3128 0.0035992
0.0785472 1646.34 100.206 0.283516 74.551 0.00360789
0.0787972 1680.47 101.786 0.28433 74.7892 0.00361648
0.0790472 1716.07 103.429 0.285142 75.0274 0.00362496
0.0792972 1753.26 105.14 0.285952 75.2656 0.00363332
0.0795472 1792.2 106.926 0.28676 75.5038 0.00364156
0.0797972 1833.04 108.792 0.287565 75.742 0.00364968
0.0800472 1875.99 110.749 0.288364 75.9802 0.00365766
0.0802972 1921.34 112.806 0.289157 76.2184 0.00366548
0.0805472 1969.45 114.979 0.28994 76.4566 0.00367312
0.0807972 2020.92 117.292 0.290707 76.6948 0.00368051
0.0810472 2076.91 119.792 0.291446 76.933 0.00368754
0.0812972 2141.19 122.629 0.29211 77.1712 0.0036937
0.0815472 2202.49 125.354 0.29286 77.4094 0.00370072
0.0817972 2255.95 127.773 0.29375 77.6476 0.00370914
0.0820472 2311.78 130.29 0.294643 77.8858 0.00371749
0.0822972 2370.1 132.913 0.295539 78.1241 0.00372578
0.0825472 2431.07 135.646 0.296438 78.3623 0.003734
0.0827972 2494.87 138.495 0.297341 78.6005 0.00374217
0.0830472 2561.7 141.47 0.298246 78.8387 0.00375027
0.0832972 2631.67 144.574 0.299156 79.077 0.00375831
0.0835472 2705.07 147.818 0.300068 79.3152 0.00376628
0.0837972 2782.09 151.209 0.300984 79.5534 0.00377419
0.0840472 2862.98 154.756 0.301903 79.7917 0.00378203
0.0842972 2947.99 158.468 0.302826 80.0299 0.0037898
0.0845472 3037.39 162.354 0.303752 80.2682 0.0037975
0.0847972 3131.51 166.426 0.30468 80.5064 0.00380512
0.0850472 3230.68 170.695 0.305612 80.7447 0.00381266
0.0852972 3335.28 175.174 0.306546 80.9829 0.00382011
0.0855472 3445.75 179.877 0.307481 81.2212 0.00382744
0.0857972 3562.65 184.822 0.308415 81.4594 0.00383466
0.0860472 3686.71 190.034 0.309347 81.6977 0.00384172
0.0862972 3819.01 195.548 0.310271 81.9359 0.00384856
0.0865472 3961.57 201.435 0.311175 82.1742 0.00385509
0.0867972 4119.73 207.888 0.31203 82.4125 0.00386099
0.0870472 4118.91 206.244 0.312936 82.6507 0.0038661
0.0872972 4425.34 220.257 0.313957 82.889 0.00387442
0.0875472 4560.22 225.705 0.315094 83.1273 0.00388256
0.0877972 4698.26 231.228 0.316249 83.3656 0.00389067
