0.000258707 121.957 37.7025 0.000520876 0.242538 7.8188e-05
0.000508707 128.667 38.3206 0.000737711 0.477517 9.50654e-05
0.000758707 132.806 38.833 0.000926886 0.712589 0.000112063
0.00100871 135.935 39.0981 0.00115987 0.947732 0.000122503
0.00125871 138.622 39.2794 0.00142297 1.18294 0.000130802
0.00150871 140.974 39.408 0.00171261 1.4182 0.000137891
0.00175871 143.386 39.6125 0.00200667 1.65351 0.000148071
0.00200871 145.875 39.8806 0.00230737 1.88886 0.000161039
0.00225871 148.021 40.0392 0.0026453 2.12425 0.000170471
0.00250871 149.956 40.1518 0.00300851 2.35968 0.00017861
0.00275871 151.787 40.2369 0.00339356 2.59515 0.000185942
0.00300871 153.48 40.2988 0.00379912 2.83065 0.000192702
0.00325871 155.105 40.3444 0.0042238 3.06619 0.000199017
0.00350871 157.133 40.5407 0.00461927 3.30176 0.000211427
0.00375871 158.977 40.6871 0.00504273 3.53735 0.00022224
0.00400871 160.644 40.7802 0.00549559 3.77298 0.00023118
0.00425871 162.211 40.8461 0.0059703 4.00864 0.000239236
0.00450871 163.705 40.8932 0.00646443 4.24432 0.000246713
0.00475871 165.137 40.9255 0.00697673 4.48003 0.000253759
0.00500871 166.515 40.9455 0.00750641 4.71577 0.000260466
0.00525871 167.846 40.955 0.00805291 4.95154 0.000266892
0.00550871 169.76 41.1604 0.00853084 5.18733 0.000281765
0.00575871 171.297 41.245 0.00907047 5.42315 0.00029176
0.00600871 172.731 41.2988 0.0096351 5.65898 0.00030062
0.00625871 174.097 41.3339 0.0102199 5.89485 0.000308837
0.00650871 175.412 41.3551 0.0108229 6.13073 0.000316605
0.00675871 176.684 41.3651 0.011443 6.36664 0.00032403
0.00700871 177.919 41.3655 0.0120795 6.60257 0.000331177
0.00725871 179.12 41.3575 0.012732 6.83853 0.00033809
0.00750871 180.906 41.5362 0.0132936 7.07451 0.000353468
0.00775871 182.313 41.5985 0.0139295 7.3105 0.000363849
0.00800871 183.639 41.6343 0.0145908 7.54652 0.000373186
0.00825871 184.913 41.6537 0.0152723 7.78256 0.000381927
0.00850871 186.146 41.661 0.0159716 8.01862 0.000390251
0.00875871 187.322 41.6587 0.0166882 8.2547 0.00039826
0.00900871 188.471 41.6479 0.0174206 8.4908 0.000406008
0.00925871 189.601 41.6296 0.0181683 8.72692 0.000413534
0.00950871 191.297 41.7771 0.0188114 8.96306 0.00042889
0.00975871 192.641 41.8296 0.0195307 9.19922 0.000439976
0.0100087 193.912 41.8555 0.0202775 9.43539 0.000449964
0.0102587 195.138 41.8657 0.0210448 9.67159 0.000459344
0.0105087 196.315 41.8648 0.0218305 9.9078 0.000468312
0.0107587 197.446 41.8548 0.0226332 10.144 0.000476965
0.0110087 198.567 41.8365 0.0234508 10.3803 0.000485353
0.0112587 199.67 41.8111 0.024283 10.6166 0.000493519
0.0115087 201.243 41.9323 0.0250051 10.8528 0.000508758
0.0117587 202.592 41.9792 0.0257949 11.0892 0.000520617
0.0120087 203.835 41.9994 0.0266167 11.3255 0.000531291
0.0122587 205.02 42.0042 0.0274604 11.5618 0.000541338
0.0125087 206.184 41.9973 0.0283214 11.7982 0.000550946
0.0127587 207.295 41.9825 0.0291998 12.0345 0.000560241
0.0130087 208.389 41.9598 0.0300928 12.2709 0.000569267
0.0132587 209.473 41.93 0.0309994 12.5073 0.000578064
0.0135087 210.981 42.0285 0.0317929 12.7438 0.000593166
0.0137587 212.332 42.0731 0.0326428 12.9802 0.000605804
0.0140087 213.559 42.0901 0.0335294 13.2167 0.000617144
0.0142587 214.744 42.0909 0.0344379 13.4531 0.000627814
0.0145087 215.903 42.0799 0.0353637 13.6896 0.000638031
0.0147587 216.997 42.0631 0.0363081 13.9261 0.000647942
0.0150087 218.098 42.0369 0.0372648 14.1626 0.000657559
0.0152587 219.148 42.006 0.0382371 14.3992 0.000666968
0.0155087 220.63 42.0836 0.0390937 14.6357 0.000681881
0.0157587 221.975 42.1298 0.0399936 14.8723 0.000695294
0.0160087 223.223 42.144 0.0409329 15.1089 0.000707234
0.0162587 224.404 42.1435 0.0418966 15.3455 0.000718491
0.0165087 225.551 42.132 0.0428783 15.5821 0.000729287
0.0167587 226.677 42.1118 0.0438751 15.8187 0.000739734
0.0170087 227.756 42.0857 0.0448876 16.0553 0.000749921
0.0172587 228.845 42.0517 0.0459106 16.292 0.000759848
0.0175087 230.246 42.1121 0.0468303 16.5287 0.000774466
0.0177587 231.651 42.1593 0.047764 16.7654 0.000788613
0.0180087 232.89 42.1759 0.0487486 17.002 0.000801156
0.0182587 234.107 42.173 0.0497544 17.2388 0.000812919
0.0185087 235.249 42.1632 0.0507824 17.4755 0.000824256
0.0187587 236.398 42.1415 0.0518217 17.7122 0.000835193
0.0190087 237.484 42.1171 0.052879 17.949 0.000845893
0.0192587 238.589 42.083 0.0539442 18.1857 0.000856308
0.0195087 239.919 42.1195 0.0549287 18.4225 0.00087019
0.0197587 241.371 42.1776 0.0558831 18.6593 0.000885297
0.0200087 242.656 42.1947 0.056898 18.8961 0.000898371
0.0202587 243.877 42.1955 0.0579398 19.1329 0.000910656
0.0205087 245.067 42.1848 0.0589993 19.3697 0.000922433
0.0207587 246.213 42.1672 0.0600756 19.6066 0.000933862
0.0210087 247.353 42.1415 0.0611628 19.8434 0.000944975
0.0212587 248.451 42.1121 0.0622644 20.0803 0.000955869
0.0215087 249.642 42.0967 0.0633428 20.3172 0.000967587
0.0217587 251.235 42.1883 0.0642777 20.5541 0.000984671
0.0220087 252.59 42.2082 0.0653095 20.791 0.000998288
0.0222587 253.834 42.2144 0.0663768 21.0279 0.00101108
0.0225087 255.054 42.2073 0.067461 21.2648 0.0010233
0.0227587 256.247 42.1917 0.0685599 21.5018 0.00103513
0.0230087 257.403 42.1708 0.0696733 21.7387 0.00104668
0.0232587 258.561 42.1423 0.0707948 21.9757 0.00105793
0.0235087 259.673 42.1116 0.0719306 22.2127 0.00106901
0.0237587 261.316 42.1934 0.0728844 22.4497 0.00108595
0.0240087 262.707 42.2287 0.0739265 22.6867 0.00110037
0.0242587 264.02 42.2392 0.0750042 22.9237 0.00111363
0.0245087 265.3 42.2361 0.076101 23.1607 0.00112626
0.0247587 266.523 42.227 0.0772174 23.3977 0.00113851
0.0250087 266.988 42.0372 0.0782945 23.6348 0.00115291
0.0252587 268.928 42.187 0.0794818 23.8718 0.00116205
0.0255087 270.103 42.1595 0.0806291 24.1089 0.00117345
0.0257587 271.567 42.196 0.081673 24.346 0.00118812
0.0260087 273.106 42.2547 0.0826899 24.583 0.00120386
0.0262587 274.521 42.2726 0.0837632 24.8201 0.00121765
0.0265087 275.841 42.28 0.0848686 25.0572 0.00123077
0.0267587 277.132 42.2769 0.0859896 25.2944 0.0012434
0.0270087 278.422 42.2643 0.0871196 25.5315 0.00125563
0.0272587 279.654 42.2496 0.0882666 25.7686 0.00126763
0.0275087 280.896 42.2276 0.0894185 26.0058 0.00127935
0.0277587 282.112 42.2023 0.0905804 26.2429 0.00129086
0.0280087 283.81 42.2858 0.091564 26.4801 0.00130783
0.0282587 285.353 42.3221 0.0926159 26.7173 0.00132253
0.0285087 286.763 42.3412 0.0937142 26.9545 0.0013362
0.0287587 288.132 42.3476 0.0948319 27.1917 0.00134925
0.0290087 289.504 42.3426 0.095958 27.4289 0.00136181
0.0292587 290.808 42.3362 0.097104 27.6661 0.00137416
0.0295087 292.111 42.3229 0.0982562 27.9033 0.0013862
0.0297587 293.418 42.3037 0.099413 28.1405 0.00139797
0.0300087 294.68 42.2839 0.100583 28.3778 0.00140961
0.0302587 296.542 42.3857 0.101537 28.615 0.00142739
0.0305087 298.12 42.421 0.102603 28.8523 0.00144183
0.0307587 299.589 42.4417 0.103707 29.0896 0.00145544
0.0310087 301.036 42.4502 0.104825 29.3269 0.00146845
0.0312587 302.465 42.4505 0.105955 29.5642 0.00148107
0.0315087 303.845 42.4483 0.107101 29.8015 0.00149345
0.0317587 305.233 42.4392 0.108251 30.0388 0.00150552
0.0320087 306.608 42.4263 0.109408 30.2761 0.00151738
0.0322587 307.95 42.4121 0.110576 30.5134 0.00152908
0.0325087 309.9 42.5162 0.111527 30.7507 0.00154671
0.0327587 311.567 42.5575 0.112587 30.9881 0.00156118
0.0330087 313.126 42.5842 0.113686 31.2254 0.00157482
0.0332587 314.661 42.5992 0.1148 31.4628 0.00158788
0.0335087 316.188 42.6056 0.115921 31.7002 0.00160052
0.0337587 317.659 42.6105 0.117061 31.9375 0.00161296
0.0340087 317.421 42.2656 0.118046 32.1749 0.00162954
0.0342587 320.62 42.6025 0.11935 32.4123 0.00163698
0.0345087 322.055 42.5964 0.12051 32.6497 0.00164875
0.0347587 323.994 42.6846 0.121494 32.8871 0.00166519
0.0350087 325.827 42.7388 0.122526 33.1245 0.00167997
0.0352587 327.504 42.7767 0.12361 33.362 0.00169378
0.0355087 329.146 42.8025 0.124712 33.5994 0.00170697
0.0357587 330.793 42.8183 0.125819 33.8368 0.00171968
0.0360087 332.396 42.831 0.126941 34.0743 0.00173214
0.0362587 333.974 42.8405 0.128074 34.3117 0.00174438
0.0365087 335.566 42.8445 0.129207 34.5492 0.00175634
0.0367587 337.156 42.845 0.130345 34.7867 0.00176809
0.0370087 338.788 42.8611 0.131466 35.0242 0.00178049
0.0372587 340.959 42.9743 0.132407 35.2616 0.00179761
0.0375087 342.871 43.0242 0.133446 35.4991 0.00181164
0.0377587 344.656 43.0653 0.134526 35.7366 0.00182508
0.0380087 346.417 43.0969 0.135619 35.9741 0.00183802
0.0382587 348.183 43.1204 0.136717 36.2116 0.00185054
0.0385087 349.935 43.1395 0.137823 36.4492 0.00186279
0.0387587 351.645 43.1576 0.138943 36.6867 0.00187489
0.0390087 353.368 43.1711 0.140063 36.9242 0.00188673
0.0392587 355.123 43.1793 0.141179 37.1618 0.00189829
0.0395087 357.026 43.2288 0.142243 37.3993 0.00191171
0.0397587 359.265 43.3346 0.143201 37.6369 0.00192779
0.0400087 361.303 43.3953 0.144233 37.8744 0.00194165
0.0402587 363.293 43.4417 0.145287 38.112 0.00195476
0.0405087 365.208 43.484 0.146364 38.3496 0.00196756
0.0407587 367.12 43.5197 0.147448 38.5872 0.00197999
0.0410087 369.071 43.5476 0.148527 38.8248 0.00199201
0.0412587 370.957 43.5771 0.149626 39.0623 0.00200399
0.0415087 372.838 43.6036 0.15073 39.2999 0.00201575
0.0417587 374.741 43.6263 0.151832 39.5376 0.00202728
0.0420087 376.679 43.6449 0.15293 39.7752 0.00203856
0.0422587 379.214 43.782 0.153837 40.0128 0.00205534
0.0425087 381.46 43.8629 0.154843 40.2504 0.00206938
0.0427587 383.65 43.926 0.155874 40.4881 0.0020825
0.0430087 385.837 43.9788 0.156912 40.7257 0.00209506
0.0432587 387.941 44.0304 0.157975 40.9633 0.00210747
0.0435087 390.052 44.077 0.159042 41.201 0.00211955
0.0437587 392.189 44.1186 0.160107 41.4386 0.00213133
0.0440087 394.333 44.1573 0.161175 41.6763 0.00214289
0.0442587 396.428 44.197 0.162258 41.914 0.0021544
0.0445087 398.546 44.2338 0.163339 42.1516 0.0021657
0.0447587 400.952 44.3078 0.164343 42.3893 0.00217864
0.0450087 403.666 44.4365 0.165259 42.627 0.00219402
0.0452587 406.125 44.5268 0.166254 42.8647 0.00220752
0.0455087 408.541 44.6036 0.167269 43.1024 0.0022203
0.0457587 410.966 44.6717 0.168289 43.3401 0.00223258
0.0460087 413.386 44.735 0.169316 43.5778 0.00224454
0.0462587 415.747 44.7978 0.170361 43.8155 0.00225639
0.0465087 418.128 44.8572 0.171407 44.0532 0.00226798
0.0467587 420.553 44.9128 0.172448 44.291 0.00227929
0.0470087 422.983 44.9669 0.173492 44.5287 0.00229044
0.0472587 425.368 45.0222 0.17455 44.7664 0.00230156
0.0475087 427.784 45.0755 0.175606 45.0042 0.00231248
0.0477587 431.01 45.2511 0.176447 45.2419 0.00232882
0.0480087 433.881 45.3598 0.177396 45.4797 0.002342
0.0482587 436.611 45.4586 0.178385 45.7174 0.00235466
0.0485087 439.331 45.5494 0.179383 45.9552 0.00236685
0.0487587 442.071 45.6345 0.180384 46.193 0.00237865
0.0490087 444.877 45.7141 0.181379 46.4307 0.00239005
0.0492587 447.578 45.7958 0.182399 46.6685 0.00240151
0.0495087 450.305 45.8751 0.18342 46.9063 0.00241273
0.0497587 453.074 45.9521 0.184437 47.1441 0.00242373
0.0500087 455.947 46.0255 0.18544 47.3819 0.00243439
0.0502587 458.704 46.1027 0.186471 47.6197 0.0024452
0.0505087 461.858 46.2346 0.187408 47.8575 0.00245828
0.0507587 465.264 46.3978 0.188292 48.0953 0.00247259
0.0510087 468.524 46.5267 0.189224 48.3331 0.00248522
0.0512587 471.755 46.6445 0.190172 48.5709 0.00249723
0.0515087 474.889 46.7594 0.191145 48.8087 0.00250906
0.0517587 478.044 46.87 0.192122 49.0466 0.00252056
0.0520087 481.244 46.9774 0.193098 49.2844 0.00253176
0.0522587 484.549 47.0813 0.194063 49.5222 0.00254258
0.0525087 487.726 47.1876 0.195055 49.7601 0.00255354
0.0527587 490.943 47.2928 0.196047 49.9979 0.0025643
0.0530087 494.216 47.3971 0.197034 50.2358 0.00257485
0.0532587 497.601 47.5 0.19801 50.4736 0.00258512
0.0535087 500.941 47.6043 0.198998 50.7115 0.00259539
0.0537587 505.102 47.8318 0.199807 50.9493 0.00261078
0.0540087 508.912 48.0002 0.200707 51.1872 0.00262348
0.0542587 512.693 48.1539 0.201626 51.4251 0.00263538
0.0545087 516.581 48.2991 0.202537 51.6629 0.00264663
0.0547587 520.302 48.4446 0.203484 51.9008 0.00265795
0.0550087 524.053 48.5874 0.204434 52.1387 0.002669
0.0552587 527.858 48.7286 0.205383 52.3766 0.00267979
0.0555087 531.751 48.8687 0.206326 52.6145 0.00269032
0.0557587 535.735 49.0085 0.207263 52.8524 0.0027006
0.0560087 539.603 49.1499 0.208224 53.0903 0.002711
0.0562587 543.536 49.2915 0.209182 53.3282 0.00272122
0.0565087 547.553 49.4338 0.210136 53.5661 0.00273125
0.0567587 551.741 49.5769 0.211072 53.804 0.00274097
0.0570087 556.724 49.8439 0.211853 54.0419 0.00275568
0.0572587 561.304 50.0559 0.212724 54.2799 0.00276807
0.0575087 565.848 50.2536 0.213614 54.5178 0.00277968
0.0577587 570.434 50.4453 0.214511 54.7557 0.0027908
0.0580087 575.157 50.6342 0.215401 54.9936 0.00280146
0.0582587 579.819 50.8222 0.216308 55.2316 0.00281205
0.0585087 584.447 51.01 0.217227 55.4695 0.00282258
0.0587587 589.156 51.1982 0.218145 55.7075 0.00283288
0.0590087 593.972 51.3875 0.219059 55.9454 0.00284296
0.0592587 599.029 51.5786 0.219951 56.1834 0.00285264
0.0595087 603.876 51.7709 0.220878 56.4213 0.0028626
0.0597587 608.798 51.9647 0.221804 56.6593 0.0028724
0.0600087 613.826 52.1609 0.222725 56.8972 0.00288204
0.0602587 619.178 52.3845 0.223606 57.1352 0.00289242
0.0605087 619.178 52.3845 0.224412 57.3732 0.00292752
0.0607587 631.184 52.9733 0.225195 57.6111 0.00291774
0.0610087 636.866 53.2305 0.226058 57.8491 0.00292888
0.0612587 642.614 53.484 0.226927 58.0871 0.0029396
0.0615087 642.614 53.484 0.227958 58.3251 0.00297451
0.0617587 654.594 53.9922 0.228649 58.5631 0.0029599
0.0620087 660.555 54.2468 0.229529 58.8011 0.00296996
0.0622587 666.539 54.5026 0.230417 59.0391 0.00297992
0.0625087 672.652 54.7613 0.231302 59.2771 0.00298969
0.0627587 678.926 55.024 0.232182 59.5151 0.00299925
0.0630087 685.507 55.2935 0.233043 59.7531 0.00300848
0.0632587 691.953 55.5629 0.233927 59.9911 0.00301785
0.0635087 698.417 55.8349 0.234818 60.2291 0.0030272
0.0637587 705.039 56.1119 0.235706 60.4671 0.0030364
0.0640087 712.528 56.4798 0.236488 60.7051 0.00304839
0.0642587 712.528 56.4798 0.237354 60.9432 0.00308279
0.0645087 728.021 57.2175 0.238055 61.1812 0.00307111
0.0647587 735.495 57.5647 0.238891 61.4192 0.00308171
0.0650087 743.088 57.9115 0.239732 61.6572 0.00309196
0.0652587 750.85 58.261 0.240572 61.8953 0.00310191
0.0655087 758.849 58.616 0.241407 62.1333 0.00311155
0.0657587 767.22 58.9804 0.242227 62.3714 0.00312083
0.0660087 775.249 59.3397 0.243085 62.6094 0.0031304
0.0662587 783.47 59.7051 0.243941 62.8474 0.0031398
0.0665087 791.911 60.0779 0.244792 63.0855 0.00314903
0.0667587 800.63 60.4598 0.245636 63.3235 0.00315804
0.0670087 809.918 60.8582 0.246454 63.5616 0.00316665
0.0672587 818.749 61.249 0.247315 63.7997 0.00317567
0.0675087 827.793 61.6477 0.248175 64.0377 0.00318456
0.0677587 837.097 62.0561 0.249029 64.2758 0.0031933
0.0680087 847.849 62.6105 0.249742 64.5139 0.00320607
0.0682587 858.556 63.1266 0.250498 64.7519 0.00321697
0.0685087 869.414 63.6344 0.25127 64.99 0.00322705
0.0687587 879.925 64.1304 0.252081 65.2281 0.00323713
0.0690087 890.673 64.6316 0.252895 65.4662 0.00324689
0.0692587 901.713 65.1417 0.253708 65.7043 0.00325638
0.0695087 913.128 65.664 0.254516 65.9423 0.0032656
0.0697587 925.326 66.211 0.255298 66.1804 0.00327434
0.0700087 936.951 66.7452 0.256127 66.4185 0.00328349
0.0702587 948.845 67.2898 0.256956 66.6566 0.00329251
0.0705087 961.103 67.8485 0.257782 66.8947 0.00330137
0.0707587 973.793 68.4238 0.258601 67.1328 0.00331005
0.0710087 987.098 69.0218 0.259407 67.3709 0.00331847
0.0712587 987.115 68.7294 0.2603 67.609 0.00332605
0.0715087 1014.17 70.2443 0.261046 67.8471 0.00333535
0.0717587 1027.96 70.8695 0.261877 68.0853 0.00334379
0.0720087 1042.44 71.5355 0.262685 68.3234 0.00335264
0.0722587 1058.8 72.3692 0.263365 68.5615 0.00336519
0.0725087 1075.43 73.1586 0.264092 68.7996 0.00337513
0.0727587 1091.59 73.9264 0.264865 69.0377 0.00338493
0.0730087 1107.83 74.6954 0.265656 69.2759 0.00339454
0.0732587 1124.55 75.4811 0.266449 69.514 0.00340385
0.0735087 1141.86 76.2887 0.267241 69.7521 0.00341291
0.0737587 1159.93 77.1252 0.268025 69.9903 0.00342169
0.0740087 1179.33 78.0113 0.268784 70.2284 0.00343001
0.0742587 1179.33 78.0113 0.269873 70.4665 0.00346318
0.0745087 1179.33 78.0113 0.27101 70.7047 0.00349635
0.0747587 1236.56 80.6619 0.271217 70.9428 0.00345604
0.0750087 1257.17 81.6084 0.272019 71.181 0.00346438
0.0752587 1278.97 82.6025 0.272805 71.4191 0.00347245
0.0755087 1301.57 83.6311 0.27359 71.6573 0.00348042
0.0757587 1296.67 83.7275 0.273977 71.8954 0.00350895
0.0760087 1346.53 85.6941 0.275231 72.1336 0.00349689
0.0762587 1370.42 86.7852 0.276045 72.3717 0.00350492
0.0765087 1396.52 88.0354 0.276776 72.6099 0.00351524
0.0767587 1424.67 89.3863 0.277467 72.8481 0.00352582
0.0770087 1452.47 90.7014 0.278213 73.0862 0.00353556
0.0772587 1480.15 92.0076 0.278994 73.3244 0.00354511
0.0775087 1508.84 93.3515 0.279781 73.5626 0.00355431
0.0777587 1538.76 94.7436 0.280567 73.8008 0.00356324
0.0780087 1570.18 96.1961 0.281348 74.0389 0.00357188
0.0782587 1604.47 97.7623 0.282097 74.2771 0.00357997
0.0785087 1637.44 99.2841 0.282902 74.5153 0.00358858
0.0787587 1671.33 100.846 0.283716 74.7535 0.00359714
0.0790087 1672.29 100.289 0.284731 74.9917 0.00360217
0.0792587 1743.92 104.171 0.285337 75.2299 0.00361378
0.0795087 1783.33 105.963 0.286134 75.4681 0.00362179
0.0797587 1826.15 107.895 0.286903 75.7063 0.00362939
0.0800087 1866.89 109.751 0.28774 75.9445 0.00363763
0.0802587 1909.56 111.689 0.288574 76.1827 0.00364575
0.0805087 1954.38 113.717 0.289406 76.4209 0.00365374
0.0807587 2001.73 115.85 0.290231 76.6591 0.00366156
0.0810087 2951.37 168.323 0.289567 76.8973 0.00367159
0.0812587 2108.09 120.735 0.291727 77.1355 0.00368037
0.0815087 2161.75 123.232 0.292508 77.3737 0.0036908
0.0817587 2217.59 125.796 0.29331 77.6119 0.00370043
0.0820087 2276.15 128.464 0.294121 77.8501 0.00370963
0.0822587 2337.96 131.26 0.294933 78.0884 0.00371848
0.0825087 2404.24 134.236 0.295734 78.3266 0.00372694
0.0827587 2474.31 137.364 0.296534 78.5648 0.00373518
0.0830087 2542.65 140.428 0.297394 78.803 0.00374392
0.0832587 2614.54 143.636 0.298256 79.0413 0.0037525
0.0835087 2690.42 147.005 0.299118 79.2795 0.00376091
0.0837587 2771 150.563 0.299976 79.5177 0.00376912
0.0840087 2771 150.563 0.30116 79.756 0.0038025
0.0842587 2947.63 158.296 0.30168 79.9942 0.00378495
0.0845087 3036.78 162.197 0.302591 80.2325 0.00379329
0.0847587 3130.63 166.282 0.303505 80.4707 0.00380152
0.0850087 3229.85 170.577 0.30442 80.7089 0.0038096
0.0852587 3335.55 175.122 0.305328 80.9472 0.00381747
0.0855087 3347.27 174.823 0.306288 81.1855 0.0038255
0.0857587 3580.16 185.903 0.307274 81.4237 0.00383501
0.0860087 3680.34 190.017 0.308007 81.662 0.00384529
0.0862587 3802.05 195.282 0.308913 81.9002 0.0038557
0.0865087 3929.16 200.711 0.309847 82.1385 0.00386537
0.0867587 4062.82 206.356 0.310791 82.3768 0.00387458
0.0870087 4208.9 212.436 0.311709 82.615 0.003883
0.0872587 4347.39 218.198 0.312718 82.8533 0.00389219
0.0875087 4487.86 223.998 0.313758 83.0916 0.00390138
0.0877587 4632.51 229.908 0.314814 83.3299 0.00391043
