0.000753733 135.919 41.7743 0.0029509 0.705232 0.000229882
0.00100373 141.078 42.0975 0.0034233 0.940206 0.000245986
0.00125373 144.628 42.3118 0.00378807 1.17528 0.000255666
0.00150373 148.095 42.5127 0.0041485 1.41042 0.000263617
0.00175373 150.287 42.5868 0.00452456 1.64563 0.000270724
0.00200373 152.363 42.6483 0.00491319 1.88089 0.000277156
0.00225373 154.398 42.7024 0.00531554 2.1162 0.00028309
0.00250373 156.514 42.757 0.00573131 2.35156 0.000288633
0.00275373 158.883 42.8216 0.00615918 2.58695 0.000293854
0.00300373 160.336 42.8169 0.00660989 2.82239 0.000298917
0.00325373 161.76 42.8074 0.00707553 3.05787 0.000303764
0.00350373 163.17 42.7938 0.00755588 3.29338 0.000308426
0.00375373 164.581 42.7766 0.0080507 3.52893 0.000312929
0.00400373 166.018 42.7567 0.00855955 3.76451 0.000317291
0.00425373 167.543 42.7362 0.0090815 4.00012 0.000321526
0.00450373 169.497 42.7282 0.00961162 4.23576 0.000325616
0.00475373 170.558 42.6775 0.0101681 4.47144 0.000329707
0.00500373 171.61 42.6239 0.0107389 4.70714 0.00033371
0.00525373 172.658 42.5674 0.011324 4.94287 0.000337633
0.00550373 173.706 42.5079 0.0119231 5.17863 0.000341484
0.00575373 174.76 42.4456 0.012536 5.41442 0.000345269
0.00600373 175.828 42.3803 0.0131626 5.65024 0.000348994
0.00625373 176.926 42.3121 0.0138025 5.88608 0.000352662
0.00650373 178.085 42.2411 0.0144548 6.12195 0.000356277
0.00675373 179.461 42.1685 0.0151161 6.35784 0.000359826
0.00700373 180.621 42.088 0.0157954 6.59375 0.000363364
0.00725373 181.427 42.001 0.0164959 6.8297 0.000366902
0.00750373 182.232 41.9115 0.0172102 7.06566 0.000370403
0.00775373 183.037 41.8195 0.0179382 7.30165 0.000373869
0.0112537 193.934 40.2333 0.0295236 10.6079 0.000419911
0.0115037 194.562 40.1024 0.0304511 10.8442 0.000423081
0.0117537 195.199 39.9684 0.0313903 11.0805 0.000426235
0.0120037 195.848 39.831 0.0323408 11.3169 0.000429373
0.0122537 196.517 39.6895 0.0333019 11.5533 0.000432494
0.0125037 197.224 39.5428 0.0342726 11.7897 0.000435597
0.0127537 198.017 39.3874 0.0352501 12.0261 0.000438674
0.0130037 201.512 39.9831 0.0355783 12.2625 0.000476024
0.0132537 205.359 40.6738 0.0358101 12.499 0.000518593
0.0135037 208.465 41.1608 0.03622 12.7354 0.000552248
0.0137537 211.007 41.5562 0.0367351 12.9718 0.000581528
0.0140037 213.287 41.8814 0.0373194 13.2083 0.000607721
0.0142537 215.384 42.1566 0.037956 13.4448 0.000631708
0.0145037 217.345 42.3937 0.0386344 13.6813 0.000654016
0.0147537 219.2 42.6003 0.0393479 13.9178 0.000674989
0.0150037 220.97 42.7821 0.0400917 14.1543 0.000694869
0.0152537 222.671 42.9427 0.0408623 14.3908 0.00071383
0.0155037 224.315 43.0854 0.041657 14.6273 0.000732005
0.0157537 225.911 43.2122 0.0424735 14.8639 0.000749497
0.0160037 227.466 43.325 0.0433102 15.1004 0.000766387
0.0162537 228.986 43.4253 0.0441654 15.337 0.000782742
0.0165037 230.478 43.5142 0.045038 15.5736 0.000798616
0.0167537 231.945 43.5927 0.0459267 15.8102 0.000814053
0.0170037 233.393 43.6616 0.0468306 16.0468 0.000829091
0.0172537 234.824 43.7214 0.0477486 16.2834 0.000843762
0.0175037 236.245 43.7727 0.0486799 16.5201 0.000858092
0.0177537 237.66 43.8158 0.0496234 16.7567 0.000872102
0.0180037 239.075 43.8509 0.0505781 16.9934 0.000885808
0.0182537 240.5 43.8779 0.0515424 17.2301 0.00089922
0.0185037 241.954 43.8959 0.0525142 17.4667 0.000912333
0.0187537 243.491 43.9019 0.0534874 17.7035 0.000925095
0.0190037 245.103 43.8966 0.0544619 17.9402 0.00093754
0.0192537 246.286 43.9141 0.0554883 18.1769 0.000950338
0.0195037 247.458 43.9267 0.0565256 18.4137 0.000962935
0.0197537 248.62 43.9345 0.0575734 18.6504 0.00097534
0.0200037 249.774 43.9377 0.0586313 18.8872 0.000987562
0.0202537 250.919 43.9366 0.0596989 19.124 0.00099961
0.0205037 252.057 43.9313 0.0607758 19.3608 0.00101149
0.0207537 253.19 43.9219 0.0618617 19.5976 0.00102321
0.0210037 254.317 43.9085 0.0629562 19.8344 0.00103478
0.0212537 255.441 43.8913 0.0640588 20.0712 0.00104619
0.0215037 256.561 43.8703 0.0651693 20.3081 0.00105747
0.0217537 257.68 43.8456 0.0662873 20.545 0.0010686
0.0220037 258.798 43.8173 0.0674122 20.7818 0.00107959
0.0222537 259.918 43.7853 0.0685437 21.0187 0.00109046
0.0225037 261.04 43.7497 0.0696813 21.2556 0.00110119
0.0227537 262.167 43.7104 0.0708244 21.4925 0.0011118
0.0230037 263.302 43.6673 0.0719722 21.7295 0.00112227
0.0232537 264.45 43.6202 0.073124 21.9664 0.00113262
0.0235037 265.616 43.5686 0.0742784 22.2034 0.00114283
0.0237537 266.813 43.5118 0.0754333 22.4403 0.00115289
0.0240037 268.067 43.4477 0.0765842 22.6773 0.00116278
0.0242537 269.496 43.3674 0.0777124 22.9143 0.00117233
0.0245037 270.637 43.3068 0.0788892 23.1513 0.00118219
0.0247537 271.597 43.2578 0.080099 23.3883 0.0011922
0.0250037 272.555 43.2064 0.0813142 23.6253 0.00120211
0.0252537 273.512 43.1528 0.0825344 23.8624 0.00121193
0.0255037 274.468 43.097 0.0837594 24.0994 0.00122165
0.0257537 275.422 43.039 0.0849889 24.3365 0.00123128
0.0260037 276.377 42.9789 0.0862227 24.5735 0.00124083
0.0262537 277.332 42.9166 0.0874605 24.8106 0.00125028
0.0265037 278.287 42.8523 0.088702 25.0477 0.00125965
0.0267537 279.244 42.786 0.0899468 25.2848 0.00126893
0.0270037 280.203 42.7175 0.0911948 25.522 0.00127812
0.0272537 281.165 42.647 0.0924455 25.7591 0.00128724
0.0275037 282.131 42.5744 0.0936987 25.9962 0.00129626
0.0277537 283.101 42.4997 0.0949539 26.2334 0.00130521
0.0280037 284.077 42.4228 0.0962107 26.4705 0.00131406
0.0282537 285.061 42.3438 0.0974686 26.7077 0.00132284
0.0285037 286.053 42.2624 0.0987271 26.9449 0.00133153
0.0287537 287.058 42.1785 0.0999855 27.1821 0.00134013
0.0290037 288.077 42.092 0.101243 27.4193 0.00134864
0.0292537 289.117 42.0023 0.102498 27.6565 0.00135706
0.0295037 290.186 41.9088 0.103748 27.8938 0.00136536
0.0297537 291.3 41.8103 0.104991 28.131 0.00137354
0.0300037 292.503 41.703 0.106216 28.3683 0.00138153
0.0302537 293.865 41.581 0.107408 28.6055 0.00138924
0.0305037 294.718 41.5018 0.108709 28.8428 0.00139763
0.0307537 295.573 41.4213 0.110011 29.0801 0.00140595
0.0310037 296.429 41.3396 0.111314 29.3174 0.0014142
0.0312537 297.288 41.2568 0.112618 29.5547 0.00142238
0.0315037 298.149 41.1728 0.113923 29.792 0.00143049
0.0317537 299.013 41.0877 0.115228 30.0293 0.00143854
0.0320037 299.88 41.0014 0.116534 30.2667 0.00144652
0.0322537 300.75 40.9141 0.117839 30.504 0.00145443
0.0325037 301.625 40.8256 0.119144 30.7414 0.00146228
0.0327537 302.504 40.736 0.120449 30.9787 0.00147006
0.0330037 303.388 40.6453 0.121753 31.2161 0.00147778
0.0332537 304.278 40.5534 0.123055 31.4535 0.00148543
0.0335037 305.175 40.4605 0.124357 31.6909 0.00149302
0.0337537 306.079 40.3663 0.125657 31.9283 0.00150053
0.0340037 309.973 40.8528 0.125902 32.1657 0.00153714
0.0342537 313.724 41.309 0.126208 32.4031 0.00157212
0.0345037 317.024 41.6742 0.126684 32.6405 0.00160245
0.0347537 320.049 41.9824 0.127265 32.878 0.00162986
0.0350037 322.888 42.2507 0.127921 33.1154 0.00165521
0.0352537 325.591 42.4889 0.128633 33.3528 0.00167899
0.0355037 328.192 42.7033 0.12939 33.5903 0.00170153
0.0357537 330.713 42.8983 0.130182 33.8277 0.00172304
0.0360037 333.171 43.0769 0.131004 34.0651 0.00174369
0.0362537 335.58 43.2416 0.131851 34.3026 0.00176358
0.0365037 337.949 43.3941 0.132719 34.54 0.00178281
0.0367537 340.288 43.5358 0.133605 34.7775 0.00180144
0.0370037 342.603 43.6678 0.134507 35.015 0.00181955
0.0372537 344.902 43.7909 0.135422 35.2525 0.00183716
0.0375037 347.191 43.9059 0.136348 35.4899 0.00185432
0.0377537 349.478 44.0132 0.137283 35.7274 0.00187104
0.0380037 351.769 44.1131 0.138225 35.9649 0.00188735
0.0382537 354.075 44.2056 0.139171 36.2024 0.00190324
0.0385037 356.41 44.2901 0.140118 36.4399 0.00191871
0.0387537 358.802 44.3652 0.14106 36.6774 0.00193369
0.0390037 361.328 44.4246 0.141979 36.915 0.00194795
0.0392537 363.686 44.4972 0.142941 37.1525 0.00196258
0.0395037 365.759 44.5914 0.143969 37.39 0.00197795
0.0397537 367.827 44.682 0.145004 37.6276 0.00199308
0.0400037 369.89 44.7691 0.146045 37.8651 0.00200797
0.0402537 371.952 44.853 0.147092 38.1026 0.00202265
0.0405037 374.012 44.9339 0.148144 38.3402 0.00203711
0.0407537 376.073 45.012 0.149201 38.5778 0.00205137
0.0410037 378.135 45.0875 0.150263 38.8153 0.00206544
0.0412537 380.2 45.1604 0.151329 39.0529 0.00207932
0.0415037 382.269 45.2311 0.152398 39.2905 0.00209301
0.0417537 384.344 45.2995 0.15347 39.5281 0.00210653
0.0420037 386.424 45.3659 0.154546 39.7657 0.00211988
0.0422537 388.512 45.4303 0.155624 40.0033 0.00213306
0.0425037 390.608 45.4929 0.156704 40.2409 0.00214608
0.0427537 392.714 45.5538 0.157786 40.4785 0.00215894
0.0430037 394.831 45.6131 0.158869 40.7161 0.00217165
0.0432537 396.96 45.6709 0.159954 40.9538 0.00218421
0.0435037 399.101 45.7272 0.16104 41.1914 0.00219662
0.0437537 401.257 45.7822 0.162126 41.429 0.00220888
0.0440037 403.428 45.8359 0.163213 41.6667 0.002221
0.0442537 405.616 45.8884 0.1643 41.9043 0.00223299
0.0445037 407.822 45.9398 0.165386 42.142 0.00224483
0.0447537 410.048 45.9902 0.166472 42.3797 0.00225654
0.0450037 412.295 46.0396 0.167557 42.6173 0.00226811
0.0452537 414.565 46.0881 0.16864 42.855 0.00227955
0.0455037 416.859 46.1358 0.169722 43.0927 0.00229085
0.0457537 419.181 46.1826 0.170802 43.3304 0.00230203
0.0460037 421.532 46.2287 0.171879 43.5681 0.00231306
0.0462537 423.915 46.2741 0.172953 43.8058 0.00232397
0.0465037 426.333 46.3188 0.174023 44.0435 0.00233473
0.0467537 428.791 46.3628 0.175089 44.2812 0.00234535
0.0470037 431.294 46.4061 0.17615 44.5189 0.00235583
0.0472537 433.847 46.4487 0.177204 44.7566 0.00236616
0.0475037 436.461 46.4906 0.17825 44.9944 0.00237632
0.0477537 439.149 46.5314 0.179285 45.2321 0.00238629
0.0480037 441.931 46.571 0.180306 45.4698 0.00239605
0.0482537 444.849 46.6085 0.181305 45.7076 0.00240551
0.0485037 448.006 46.6417 0.182262 45.9453 0.0024145
0.0487537 451.164 46.6778 0.183225 46.1831 0.0024235
0.0490037 453.569 46.735 0.184337 46.4208 0.00243392
0.0492537 455.996 46.7923 0.185447 46.6586 0.00244424
0.0495037 458.447 46.8497 0.186556 46.8964 0.00245446
0.0497537 460.922 46.9072 0.187664 47.1342 0.00246459
0.0500037 463.422 46.965 0.188769 47.3719 0.00247463
0.0502537 465.949 47.023 0.189873 47.6097 0.00248457
0.0505037 468.502 47.0814 0.190975 47.8475 0.00249443
0.0507537 471.084 47.1401 0.192075 48.0853 0.00250419
0.0510037 473.696 47.1993 0.193172 48.3231 0.00251386
0.0512537 476.338 47.259 0.194268 48.5609 0.00252344
0.0515037 479.011 47.3192 0.195361 48.7988 0.00253294
0.0517537 481.718 47.38 0.196451 49.0366 0.00254234
0.0520037 484.458 47.4415 0.197538 49.2744 0.00255166
0.0522537 487.235 47.5038 0.198623 49.5122 0.00256089
0.0525037 490.048 47.5668 0.199704 49.7501 0.00257003
0.0527537 492.9 47.6307 0.200782 49.9879 0.00257909
0.0530037 495.791 47.6955 0.201857 50.2258 0.00258806
0.0532537 498.725 47.7613 0.202928 50.4636 0.00259695
0.0535037 501.702 47.8282 0.203996 50.7015 0.00260575
0.0537537 504.725 47.8962 0.20506 50.9393 0.00261447
0.0540037 507.795 47.9655 0.20612 51.1772 0.0026231
0.0542537 510.916 48.036 0.207175 51.4151 0.00263164
0.0545037 514.088 48.1079 0.208226 51.6529 0.0026401
0.0547537 517.316 48.1812 0.209273 51.8908 0.00264847
0.0550037 520.602 48.2562 0.210314 52.1287 0.00265676
0.0552537 523.949 48.3328 0.21135 52.3666 0.00266496
0.0555037 527.36 48.4111 0.212381 52.6045 0.00267307
0.0557537 530.841 48.4914 0.213406 52.8424 0.00268109
0.0560037 534.395 48.5736 0.214424 53.0803 0.00268901
0.0562537 538.029 48.658 0.215436 53.3182 0.00269685
0.0565037 541.747 48.7447 0.21644 53.5561 0.00270458
0.0567537 545.558 48.8339 0.217437 53.7941 0.00271222
0.0570037 549.471 48.9258 0.218424 54.032 0.00271975
0.0572537 553.498 49.0206 0.219401 54.2699 0.00272716
0.0575037 557.652 49.1186 0.220367 54.5078 0.00273445
0.0577537 561.956 49.2202 0.221319 54.7458 0.0027416
0.0580037 566.437 49.3259 0.222255 54.9837 0.00274859
0.0582537 571.143 49.4365 0.223168 55.2216 0.00275539
0.0585037 576.158 49.5532 0.22405 55.4596 0.00276191
0.0587537 581.677 49.6786 0.224878 55.6975 0.00276798
0.0590037 587.406 49.8108 0.225692 55.9355 0.00277393
0.0592537 591.332 49.9264 0.226736 56.1735 0.00278168
0.0595037 595.32 50.0443 0.227777 56.4114 0.00278936
0.0597537 599.373 50.1646 0.228814 56.6494 0.00279697
0.0600037 603.492 50.2874 0.229848 56.8874 0.00280452
0.0602537 607.68 50.4128 0.230878 57.1253 0.002812
0.0605037 611.938 50.5409 0.231905 57.3633 0.00281942
0.0607537 616.27 50.6718 0.232928 57.6013 0.00282678
0.0610037 620.677 50.8056 0.233947 57.8393 0.00283407
0.0612537 625.163 50.9423 0.234963 58.0773 0.0028413
0.0615037 629.73 51.0822 0.235974 58.3153 0.00284847
0.0617537 634.38 51.2253 0.236982 58.5533 0.00285557
0.0620037 639.118 51.3718 0.237986 58.7913 0.00286261
0.0622537 643.946 51.5217 0.238986 59.0293 0.00286959
0.0625037 648.868 51.6753 0.239982 59.2673 0.0028765
0.0627537 653.887 51.8327 0.240973 59.5053 0.00288336
0.0630037 663.236 52.492 0.241343 59.7433 0.00290792
0.0632537 673.807 53.2862 0.241563 59.9814 0.00293681
0.0635037 683.621 53.9814 0.241922 60.2194 0.00296171
0.0637537 693.039 54.6198 0.242365 60.4574 0.00298419
0.0640037 702.235 55.2217 0.242865 60.6954 0.003005
0.0642537 711.307 55.7984 0.243408 60.9335 0.00302454
0.0645037 720.319 56.3573 0.243984 61.1715 0.00304309
0.0647537 729.318 56.9032 0.244586 61.4095 0.00306082
0.0650037 738.337 57.4399 0.24521 61.6476 0.00307786
0.0652537 747.402 57.9702 0.245852 61.8856 0.00309431
0.0655037 747.402 57.9702 0.24637 62.1236 0.00312852
0.0657537 765.755 59.0199 0.247179 62.3617 0.0031257
0.0660037 775.079 59.5426 0.247861 62.5997 0.00314076
0.0662537 784.522 60.0657 0.248552 62.8378 0.00315543
0.0665037 794.098 60.5904 0.249251 63.0758 0.00316976
0.0667537 803.82 61.1176 0.249958 63.3139 0.00318377
0.0670037 813.702 61.6484 0.250671 63.5519 0.00319749
0.0672537 823.755 62.1836 0.25139 63.79 0.00321092
0.0675037 833.994 62.7241 0.252113 64.028 0.0032241
0.0677537 844.43 63.2707 0.25284 64.2661 0.00323702
0.0680037 855.077 63.8242 0.253571 64.5042 0.00324972
0.0682537 865.949 64.3854 0.254305 64.7422 0.00326218
0.0685037 877.061 64.955 0.25504 64.9803 0.00327443
0.0687537 888.426 65.5339 0.255778 65.2184 0.00328647
0.0690037 900.062 66.123 0.256517 65.4565 0.00329832
0.0692537 911.985 66.723 0.257256 65.6945 0.00330996
0.0695037 924.215 67.3349 0.257996 65.9326 0.00332141
0.0697537 924.215 67.3349 0.258799 66.1707 0.00335519
0.0700037 949.672 68.5981 0.259473 66.4088 0.00334376
0.0702537 962.945 69.2515 0.26021 66.6469 0.00335466
0.0705037 976.617 69.921 0.260946 66.885 0.00336538
0.0707537 990.717 70.6079 0.261678 67.1231 0.00337591
0.0710037 1005.28 71.3136 0.262407 67.3612 0.00338625
0.0712537 1005.28 71.3136 0.263274 67.5993 0.00341982
0.0715037 1035.95 72.7886 0.263852 67.8374 0.00340637
0.0717537 1052.17 73.5619 0.264566 68.0755 0.00341612
0.0720037 1069.05 74.3625 0.265271 68.3136 0.00342565
0.0722537 1086.69 75.1938 0.265967 68.5517 0.00343494
0.0725037 1105.19 76.0601 0.26665 68.7898 0.00344395
0.0727537 1124.73 76.9673 0.267316 69.0279 0.00345265
0.0730037 1145.52 77.9242 0.267959 69.266 0.00346095
0.0732537 1167.99 78.9458 0.268568 69.5042 0.0034687
0.0735037 1193 80.0631 0.269116 69.7423 0.00347555
0.0737537 1219.07 81.2283 0.269661 69.9804 0.00348233
0.0740037 1237.48 82.1402 0.270488 70.2185 0.00349292
0.0742537 1256.39 83.0741 0.271316 70.4566 0.00350341
0.0745037 1275.8 84.0309 0.272145 70.6948 0.00351381
0.0747537 1295.76 85.0118 0.272976 70.9329 0.00352411
0.0750037 1316.28 86.0179 0.273809 71.171 0.00353432
0.0752537 1337.39 87.0503 0.274642 71.4092 0.00354443
0.0755037 1359.12 88.1102 0.275477 71.6473 0.00355446
0.0757537 1359.12 88.1102 0.276487 71.8855 0.00358735
0.0760037 1404.53 90.3181 0.27715 72.1236 0.00357425
0.0762537 1428.29 91.4689 0.277988 72.3618 0.00358402
0.0765037 1452.78 92.6529 0.278827 72.5999 0.00359371
0.0767537 1478.06 93.8717 0.279667 72.8381 0.00360331
0.0770037 1504.15 95.1271 0.280509 73.0762 0.00361284
0.0772537 1531.1 96.4208 0.281351 73.3144 0.00362228
0.0775037 1558.97 97.7552 0.282194 73.5526 0.00363165
0.0777537 1587.76 99.1312 0.283038 73.7907 0.00364095
0.0780037 1617.56 100.552 0.283884 74.0289 0.00365017
0.0782537 1648.41 102.02 0.28473 74.2671 0.00365931
0.0785037 1680.37 103.537 0.285577 74.5052 0.00366838
0.0787537 1713.5 105.105 0.286425 74.7434 0.00367739
0.0790037 1747.87 106.729 0.287274 74.9816 0.00368632
0.0792537 1747.87 106.729 0.288407 75.2198 0.00371937
0.0795037 1820.57 110.151 0.288975 75.458 0.00370397
0.0797537 1859.07 111.957 0.289827 75.6962 0.00371269
0.0800037 1899.11 113.83 0.29068 75.9343 0.00372135
0.0802537 1940.78 115.775 0.291534 76.1725 0.00372994
0.0805037 1984.18 117.796 0.292389 76.4107 0.00373846
0.0807537 2029.42 119.896 0.293245 76.6489 0.00374691
0.0810037 2076.6 122.082 0.294102 76.8871 0.0037553
0.0812537 2125.86 124.357 0.29496 77.1253 0.00376362
0.0815037 2177.33 126.727 0.295819 77.3635 0.00377187
0.0817537 2231.14 129.198 0.296679 77.6018 0.00378006
0.0820037 2287.44 131.777 0.29754 77.84 0.00378818
0.0822537 2346.42 134.469 0.298402 78.0782 0.00379623
0.0825037 2408.23 137.282 0.299265 78.3164 0.00380422
0.0827537 2473.08 140.223 0.300129 78.5546 0.00381213
0.0830037 2541.17 143.301 0.300994 78.7928 0.00381997
0.0832537 2612.72 146.524 0.30186 79.0311 0.00382774
0.0835037 2687.99 149.901 0.302726 79.2693 0.00383543
0.0837537 2767.22 153.443 0.303594 79.5075 0.00384305
0.0840037 2850.69 157.159 0.304461 79.7458 0.00385058
0.0842537 2938.74 161.061 0.30533 79.984 0.00385802
0.0845037 3031.65 165.161 0.306198 80.2222 0.00386538
0.0847537 3129.8 169.471 0.307067 80.4605 0.00387264
0.0850037 3233.55 174.005 0.307935 80.6987 0.00387979
0.0852537 3343.34 178.775 0.308802 80.937 0.00388684
0.0855037 3459.58 183.796 0.309667 81.1752 0.00389376
0.0857537 3582.77 189.084 0.310531 81.4135 0.00390054
0.0860037 3713.42 194.652 0.31139 81.6517 0.00390717
0.0862537 3852.11 200.52 0.312245 81.89 0.00391362
0.0865037 3999.48 206.702 0.313093 82.1282 0.00391987
0.0867537 4156.37 213.221 0.313931 82.3665 0.00392587
0.0870037 4323.54 220.094 0.314753 82.6048 0.00393156
0.0872537 4502.47 227.358 0.315552 82.843 0.00393686
0.0875037 4695.18 235.066 0.316315 83.0813 0.0039416
0.0877537 4905.61 243.327 0.317014 83.3196 0.00394549
