0.000753733 131.573 40.5387 0.0029732 0.70524 0.000230647
0.00100373 136.749 40.8226 0.00340038 0.940214 0.000245098
0.00125373 139.246 40.8954 0.00374319 1.17528 0.000254165
0.00150373 141.349 40.9454 0.00407612 1.41041 0.000261449
0.00175373 143.264 40.9838 0.00441058 1.6456 0.000267706
0.00200373 145.136 41.019 0.00474965 1.88084 0.000273258
0.00225373 147.164 41.0623 0.00509349 2.11612 0.000278279
0.00250373 148.411 41.0528 0.00544953 2.35144 0.000282969
0.00275373 149.594 41.0401 0.00581263 2.5868 0.000287323
0.00300373 150.73 41.0247 0.00618267 2.82218 0.000291399
0.00325373 151.832 41.0072 0.00655944 3.0576 0.000295239
0.00350373 152.913 40.988 0.00694268 3.29305 0.000298876
0.00375373 153.993 40.968 0.00733206 3.52853 0.000302336
0.00400373 155.108 40.9482 0.00772706 3.76403 0.000305637
0.00425373 156.483 40.937 0.00812526 3.99956 0.000308782
0.00450373 157.394 40.9057 0.00853394 4.23511 0.000311844
0.00475373 158.142 40.868 0.00894994 4.47068 0.000314803
0.00500373 158.873 40.8296 0.00937165 4.70628 0.000317659
0.00525373 159.59 40.7905 0.00979896 4.9419 0.00032042
0.00550373 160.296 40.7506 0.0102318 5.17753 0.000323097
0.00575373 160.994 40.7101 0.01067 5.41319 0.000325694
0.00600373 161.686 40.6689 0.0111136 5.64887 0.000328219
0.00625373 162.377 40.6271 0.0115625 5.88456 0.000330678
0.00650373 163.071 40.5847 0.0120166 6.12027 0.000333075
0.00675373 163.775 40.5416 0.0124758 6.35601 0.000335415
0.00700373 164.503 40.4981 0.01294 6.59175 0.000337702
0.00725373 165.29 40.4542 0.0134085 6.82752 0.000339936
0.00750373 166.377 40.4118 0.0138779 7.0633 0.000342108
0.00775373 166.878 40.3625 0.0143611 7.29909 0.000344279
0.00800373 167.373 40.3127 0.0148498 7.53491 0.000346409
0.00825373 167.863 40.2625 0.0153439 7.77073 0.0003485
0.00850373 168.349 40.2119 0.0158435 8.00658 0.000350556
0.00875373 168.832 40.1609 0.0163486 8.24243 0.000352577
0.00900373 169.312 40.1093 0.0168593 8.47831 0.000354567
0.00925373 169.79 40.0573 0.0173755 8.71419 0.000356528
0.00950373 170.268 40.0048 0.0178974 8.95009 0.00035846
0.00975373 170.746 39.9517 0.0184249 9.18601 0.000360366
0.0100037 171.226 39.8979 0.0189582 9.42193 0.000362247
0.0102537 171.708 39.8436 0.0194971 9.65787 0.000364104
0.0105037 172.197 39.7884 0.0200418 9.89383 0.00036594
0.0107537 172.693 39.7325 0.0205922 10.1298 0.000367754
0.0110037 173.202 39.6757 0.0211484 10.3658 0.000369549
0.0112537 173.732 39.6177 0.0217101 10.6018 0.000371324
0.0115037 174.298 39.5581 0.0222771 10.8378 0.000373081
0.0117537 174.956 39.4958 0.0228484 11.0738 0.000374816
0.0200037 187.055 37.226 0.0457582 18.8688 0.000427354
0.0202537 187.336 37.1484 0.0465827 19.1051 0.000428861
0.0205037 187.62 37.0698 0.0474151 19.3415 0.000430365
0.0207537 187.907 36.9902 0.0482555 19.578 0.000431866
0.0210037 188.199 36.9095 0.0491038 19.8144 0.000433364
0.0212537 188.496 36.8275 0.0499601 20.0508 0.000434859
0.0215037 188.799 36.7441 0.0508243 20.2873 0.000436352
0.0217537 189.11 36.6592 0.0516963 20.5237 0.000437842
0.0220037 188.72 36.3976 0.0525805 20.7602 0.000440526
0.0222537 192.99 37.2391 0.0528377 20.9966 0.000481337
0.0225037 195.906 37.755 0.0532177 21.2331 0.000516018
0.0227537 198.089 38.0959 0.0537454 21.4696 0.00054151
0.0230037 199.951 38.3565 0.0543442 21.7061 0.000562803
0.0232537 201.629 38.5676 0.0549885 21.9426 0.000581541
0.0235037 203.195 38.7435 0.0556659 22.1791 0.000598506
0.0237537 204.706 38.8915 0.0563686 22.4156 0.000614134
0.0240037 206.251 39.0118 0.0570892 22.6521 0.000628653
0.0242537 207.761 39.1152 0.057828 22.8886 0.000642358
0.0245037 208.896 39.2301 0.0585992 23.1251 0.000655683
0.0247537 209.985 39.3334 0.0593875 23.3617 0.000668417
0.0250037 211.035 39.4267 0.0601914 23.5982 0.000680642
0.0252537 212.053 39.5112 0.06101 23.8348 0.000692423
0.0255037 213.043 39.5878 0.0618426 24.0713 0.000703813
0.0257537 214.008 39.6574 0.0626884 24.3079 0.000714855
0.0260037 214.951 39.7206 0.0635469 24.5445 0.000725585
0.0262537 215.875 39.7779 0.0644177 24.7811 0.000736031
0.0265037 216.783 39.8299 0.0653004 25.0177 0.000746221
0.0267537 217.676 39.8769 0.0661946 25.2543 0.000756176
0.0270037 218.557 39.9192 0.0671001 25.4909 0.000765914
0.0272537 219.426 39.9572 0.0680165 25.7275 0.000775453
0.0275037 220.285 39.991 0.0689437 25.9641 0.000784807
0.0277537 221.136 40.021 0.0698815 26.2008 0.000793989
0.0280037 221.98 40.0473 0.0708296 26.4374 0.000803011
0.0282537 222.817 40.07 0.0717878 26.6741 0.000811882
0.0285037 223.651 40.0892 0.0727561 26.9107 0.000820611
0.0287537 224.481 40.1052 0.0737341 27.1474 0.000829208
0.0290037 225.309 40.118 0.0747219 27.3841 0.000837679
0.0292537 226.137 40.1276 0.0757191 27.6208 0.000846031
0.0295037 226.966 40.1341 0.0767256 27.8575 0.000854269
0.0297537 227.798 40.1375 0.0777412 28.0942 0.0008624
0.0300037 228.635 40.1377 0.0787658 28.3309 0.000870426
0.0302537 229.481 40.1347 0.0797989 28.5676 0.000878353
0.0305037 230.34 40.1284 0.0808403 28.8043 0.000886183
0.0307537 231.217 40.1183 0.0818893 29.0411 0.000893916
0.0310037 232.125 40.1038 0.0829452 29.2778 0.000901551
0.0312537 233.085 40.0836 0.0840059 29.5146 0.00090908
0.0315037 234.177 40.0524 0.0850655 29.7513 0.000916461
0.0317537 235.436 40.008 0.0861207 29.9881 0.000923684
0.0320037 236.124 39.9997 0.087229 30.2249 0.000931189
0.0322537 236.808 39.9895 0.0883467 30.4617 0.000938624
0.0325037 237.491 39.9774 0.0894737 30.6985 0.000945993
0.0327537 238.172 39.9634 0.0906102 30.9353 0.000953298
0.0330037 238.851 39.9476 0.0917559 31.1721 0.000960541
0.0332537 239.529 39.9299 0.0929109 31.4089 0.000967725
0.0335037 240.207 39.9105 0.0940751 31.6458 0.000974852
0.0337537 240.884 39.8893 0.0952485 31.8826 0.000981923
0.0340037 241.562 39.8663 0.096431 32.1194 0.000988941
0.0342537 242.24 39.8416 0.0976225 32.3563 0.000995906
0.0345037 242.919 39.8151 0.0988231 32.5932 0.00100282
0.0347537 243.6 39.7869 0.100033 32.8301 0.00100969
0.0350037 244.283 39.7569 0.101251 33.0669 0.00101651
0.0352537 244.969 39.7252 0.102478 33.3038 0.00102328
0.0355037 245.658 39.6917 0.103714 33.5407 0.00103001
0.0357537 246.351 39.6564 0.104959 33.7777 0.00103669
0.0360037 247.049 39.6193 0.106212 34.0146 0.00104333
0.0362537 247.753 39.5803 0.107474 34.2515 0.00104993
0.0365037 248.464 39.5393 0.108744 34.4884 0.00105649
0.0367537 249.184 39.4964 0.110023 34.7254 0.00106301
0.0370037 249.914 39.4513 0.111309 34.9623 0.00106949
0.0372537 250.657 39.404 0.112603 35.1993 0.00107592
0.0375037 251.416 39.3542 0.113905 35.4363 0.00108232
0.0377537 252.195 39.3016 0.115213 35.6733 0.00108867
0.0380037 253.002 39.2458 0.116528 35.9103 0.00109498
0.0382537 253.848 39.186 0.117848 36.1473 0.00110124
0.0385037 254.756 39.1205 0.11917 36.3843 0.00110745
0.0387537 255.791 39.0447 0.120489 36.6213 0.00111356
0.0390037 257.369 38.9296 0.121761 36.8583 0.00111936
0.0392537 257.964 38.8826 0.123141 37.0953 0.00112568
0.0395037 258.563 38.8345 0.124531 37.3324 0.00113196
0.0397537 259.163 38.7851 0.125929 37.5694 0.00113822
0.0400037 259.764 38.7344 0.127337 37.8065 0.00114445
0.0402537 260.367 38.6824 0.128754 38.0436 0.00115065
0.0405037 260.973 38.6292 0.130179 38.2806 0.00115682
0.0407537 261.581 38.5746 0.131614 38.5177 0.00116296
0.0410037 262.192 38.5186 0.133057 38.7548 0.00116908
0.0412537 262.806 38.4614 0.13451 38.9919 0.00117517
0.0415037 263.424 38.4028 0.135971 39.229 0.00118124
0.0417537 264.046 38.3428 0.137442 39.4662 0.00118728
0.0420037 264.672 38.2814 0.138921 39.7033 0.00119329
0.0422537 265.304 38.2186 0.140408 39.9404 0.00119928
0.0425037 265.942 38.1543 0.141905 40.1776 0.00120525
0.0427537 266.586 38.0885 0.14341 40.4147 0.00121119
0.0430037 267.238 38.0211 0.144923 40.6519 0.00121711
0.0432537 267.899 37.9522 0.146445 40.8891 0.001223
0.0435037 268.569 37.8815 0.147975 41.1263 0.00122887
0.0437537 269.25 37.809 0.149513 41.3634 0.00123472
0.0440037 269.944 37.7347 0.151059 41.6006 0.00124054
0.0442537 270.654 37.6583 0.152612 41.8379 0.00124634
0.0445037 271.381 37.5796 0.154173 42.0751 0.00125211
0.0447537 272.131 37.4984 0.15574 42.3123 0.00125786
0.0450037 272.908 37.4142 0.157314 42.5495 0.00126358
0.0452537 273.72 37.3266 0.158893 42.7868 0.00126926
0.0455037 274.581 37.2346 0.160475 43.024 0.00127491
0.0457537 275.517 37.1363 0.162058 43.2613 0.00128052
0.0460037 276.588 37.0272 0.163635 43.4986 0.00128604
0.0462537 278.175 36.8798 0.165159 43.7359 0.00129131
0.0465037 279.341 36.7632 0.166744 43.9731 0.0012968
0.0467537 279.909 36.6892 0.168408 44.2104 0.00130256
0.0470037 280.481 36.6143 0.170082 44.4477 0.0013083
0.0472537 281.056 36.5382 0.171765 44.6851 0.00131402
0.0475037 281.636 36.461 0.173457 44.9224 0.00131973
0.0477537 282.221 36.3828 0.175159 45.1597 0.00132542
0.0480037 282.81 36.3034 0.17687 45.3971 0.00133109
0.0482537 283.405 36.2228 0.178589 45.6344 0.00133674
0.0485037 284.006 36.1411 0.180319 45.8718 0.00134238
0.0487537 284.614 36.0582 0.182057 46.1091 0.001348
0.0490037 285.229 35.9741 0.183804 46.3465 0.00135361
0.0492537 285.852 35.8887 0.18556 46.5839 0.0013592
0.0495037 286.483 35.802 0.187325 46.8213 0.00136477
0.0497537 287.124 35.7139 0.189098 47.0587 0.00137032
0.0500037 287.776 35.6244 0.190881 47.2961 0.00137586
0.0502537 288.44 35.5335 0.192672 47.5335 0.00138138
0.0505037 289.117 35.441 0.194471 47.771 0.00138689
0.0507537 289.809 35.3469 0.196279 48.0084 0.00139237
0.0510037 290.518 35.2509 0.198095 48.2458 0.00139784
0.0512537 291.247 35.1531 0.199918 48.4833 0.0014033
0.0515037 291.998 35.0532 0.201749 48.7208 0.00140873
0.0517537 292.775 34.9509 0.203586 48.9582 0.00141414
0.0520037 293.585 34.8459 0.20543 49.1957 0.00141953
0.0522537 294.434 34.7377 0.20728 49.4332 0.0014249
0.0525037 295.333 34.6257 0.209133 49.6707 0.00143024
0.0527537 296.301 34.5087 0.210989 49.9082 0.00143555
0.0530037 297.369 34.3846 0.212842 50.1458 0.00144081
0.0532537 298.614 34.2484 0.214685 50.3833 0.00144599
0.0535037 300.367 34.0783 0.216476 50.6208 0.00145097
0.0537537 302.58 33.8796 0.218223 50.8584 0.00145578
0.0540037 303.179 33.7882 0.220178 51.0959 0.00146125
0.0542537 303.785 33.696 0.222143 51.3335 0.00146672
0.0545037 304.399 33.6029 0.224118 51.571 0.00147217
0.0547537 305.022 33.5089 0.226102 51.8086 0.00147761
0.0550037 305.654 33.414 0.228097 52.0462 0.00148303
0.0552537 306.295 33.3183 0.230101 52.2838 0.00148844
0.0555037 306.947 33.2216 0.232115 52.5214 0.00149384
0.0557537 306.66 32.9693 0.233941 52.759 0.00150391
0.0560037 311.58 33.4816 0.235154 52.9967 0.00153037
0.0562537 316.611 33.9827 0.235864 53.2343 0.00156939
0.0565037 320.611 34.337 0.236914 53.4719 0.0016
0.0567537 324.119 34.619 0.238135 53.7096 0.00162646
0.0570037 327.33 34.8557 0.239466 53.9472 0.00165033
0.0572537 330.343 35.0606 0.240878 54.1849 0.00167238
0.0575037 333.213 35.2416 0.242353 54.4225 0.00169306
0.0577537 335.98 35.4037 0.243878 54.6602 0.00171265
0.0580037 338.67 35.5504 0.245446 54.8978 0.00173136
0.0582537 341.301 35.6843 0.247052 55.1355 0.00174933
0.0585037 343.89 35.8073 0.248691 55.3732 0.00176668
0.0587537 346.449 35.9208 0.250359 55.6109 0.00178347
0.0590037 348.989 36.026 0.252054 55.8486 0.00179979
0.0592537 351.518 36.1238 0.253774 56.0863 0.00181568
0.0595037 354.046 36.2151 0.255517 56.324 0.00183119
0.0597537 356.58 36.3004 0.257281 56.5617 0.00184634
0.0600037 359.129 36.3803 0.259064 56.7994 0.00186118
0.0602537 361.7 36.4552 0.260866 57.0372 0.00187573
0.0605037 364.304 36.5255 0.262685 57.2749 0.00189
0.0607537 366.949 36.5916 0.264519 57.5127 0.00190402
0.0610037 369.648 36.6536 0.266369 57.7504 0.0019178
0.0612537 372.414 36.7117 0.268231 57.9882 0.00193134
0.0615037 375.267 36.766 0.270105 58.2259 0.00194465
0.0617537 378.232 36.8165 0.271988 58.4637 0.00195774
0.0620037 381.348 36.863 0.273877 58.7015 0.0019706
0.0622537 384.681 36.9047 0.275768 58.9393 0.0019832
0.0625037 388.368 36.94 0.277649 59.1771 0.00199547
0.0627537 392.849 36.962 0.279488 59.4149 0.00200719
0.0630037 398.16 36.977 0.281306 59.6527 0.00201737
0.0632537 404.267 36.9866 0.283053 59.8906 0.00202922
0.0635037 406.903 37.0546 0.285093 60.1284 0.00204195
0.0637537 409.566 37.1214 0.287149 60.3662 0.00205456
0.0640037 412.262 37.187 0.289219 60.6041 0.00206705
0.0642537 414.992 37.2518 0.291304 60.8419 0.00207943
0.0645037 417.76 37.3157 0.293404 61.0798 0.0020917
0.0647537 420.569 37.379 0.295518 61.3177 0.00210387
0.0650037 423.423 37.4419 0.297647 61.5555 0.00211594
0.0652537 426.326 37.5045 0.299789 61.7934 0.00212791
0.0655037 429.281 37.5669 0.301945 62.0313 0.00213979
0.0657537 432.293 37.6293 0.304114 62.2692 0.00215158
0.0660037 435.366 37.6919 0.306297 62.5071 0.00216328
0.0662537 438.507 37.7548 0.308493 62.7451 0.0021749
0.0665037 441.72 37.8182 0.310701 62.983 0.00218643
0.0667537 445.012 37.8824 0.312923 63.2209 0.00219789
0.0670037 448.391 37.9476 0.315156 63.4589 0.00220926
0.0672537 451.863 38.0138 0.317402 63.6968 0.00222056
0.0675037 455.44 38.0815 0.31966 63.9348 0.00223178
0.0677537 459.131 38.1509 0.321929 64.1728 0.00224293
0.0680037 462.949 38.2223 0.324208 64.4107 0.002254
0.0682537 466.909 38.2961 0.326498 64.6487 0.00226499
0.0685037 471.029 38.3727 0.328798 64.8867 0.00227591
0.0687537 475.331 38.4525 0.331107 65.1247 0.00228675
0.0690037 479.843 38.5363 0.333424 65.3627 0.0022975
0.0692537 484.602 38.6247 0.335748 65.6007 0.00230818
0.0695037 489.657 38.7188 0.338076 65.8388 0.00231876
0.0697537 495.076 38.82 0.340407 66.0768 0.00232924
0.0700037 500.967 38.9303 0.342736 66.3149 0.0023396
0.0702537 507.507 39.0531 0.345057 66.5529 0.0023498
0.0705037 515.048 39.1947 0.347357 66.791 0.00235979
0.0707537 524.575 39.3723 0.349596 67.029 0.00236936
0.0710037 539.741 39.4162 0.351467 67.2671 0.00237645
0.0712537 563.3 40.1154 0.353429 67.5052 0.00238492
0.0715037 568.788 40.2652 0.355932 67.7433 0.00239573
0.0717537 574.443 40.42 0.358449 67.9814 0.0024065
0.0720037 580.274 40.5802 0.360979 68.2195 0.00241722
0.0722537 586.295 40.7464 0.363523 68.4576 0.0024279
0.0725037 592.518 40.9189 0.366081 68.6958 0.00243853
0.0727537 598.958 41.0983 0.368652 68.9339 0.00244912
0.0730037 605.632 41.2851 0.371237 69.172 0.00245966
0.0732537 612.559 41.4801 0.373835 69.4102 0.00247016
0.0735037 619.758 41.6838 0.376445 69.6484 0.00248061
0.0737537 627.252 41.8972 0.379069 69.8865 0.00249102
0.0740037 635.069 42.1211 0.381705 70.1247 0.00250139
0.0742537 643.239 42.3565 0.384353 70.3629 0.00251171
0.0745037 651.795 42.6046 0.387013 70.6011 0.00252199
0.0747537 660.78 42.8668 0.389685 70.8393 0.00253222
0.0750037 670.24 43.1448 0.392368 71.0775 0.00254241
0.0752537 680.232 43.4403 0.395062 71.3158 0.00255254
0.0755037 690.826 43.7557 0.397766 71.554 0.00256263
0.0757537 702.106 44.0939 0.400479 71.7922 0.00257267
0.0760037 714.177 44.4583 0.403199 72.0305 0.00258265
0.0762537 727.177 44.8534 0.405927 72.2687 0.00259257
0.0765037 741.286 45.2853 0.408659 72.507 0.00260243
0.0767537 756.756 45.762 0.411393 72.7453 0.0026122
0.0770037 773.953 46.2956 0.414126 72.9836 0.00262189
0.0772537 793.455 46.9049 0.41685 73.2219 0.00263145
0.0775037 816.286 47.623 0.419554 73.4602 0.00264085
0.0777537 844.673 48.5215 0.422213 73.6985 0.00264998
0.0780037 886.541 49.8546 0.424734 73.9368 0.00265844
0.0782537 912.233 49.9134 0.427149 74.1752 0.00266525
0.0785037 918.037 50.2219 0.430229 74.4135 0.00267513
0.0787537 924.557 50.4702 0.433434 74.6518 0.00268422
0.0790037 606.65 33.0203 0.436654 74.8902 0.00269039
0.0792537 816.643 44.2588 0.439015 75.1286 0.00270375
0.0795037 816.643 44.2588 0.441582 75.367 0.00276171
0.0797537 917.214 43.8621 0.443151 75.6053 0.00272072
0.0800037 898.411 48.0713 0.448799 75.8437 0.00272972
0.0802537 1359.23 65.6596 0.449391 76.0821 0.00274065
0.0805037 1400.16 67.0626 0.452444 76.3205 0.00275065
0.0807537 1444 68.5627 0.455511 76.5589 0.00276063
0.0810037 1491.03 70.1696 0.458594 76.7973 0.00277056
0.0812537 1541.6 71.8945 0.461692 77.0358 0.00278046
0.0815037 1596.13 73.7496 0.464804 77.2742 0.00279031
0.0817537 1655.05 75.7491 0.46793 77.5127 0.00280013
