0.000258707 119.337 36.8293 0.000531542 0.24254 7.91019e-05
0.000508707 124.512 37.1678 0.000735027 0.477517 9.21979e-05
0.000758707 128.042 37.6128 0.000906217 0.712584 0.00011008
0.00100871 130.58 37.7942 0.00111793 0.947716 0.000119857
0.00125871 132.675 37.9051 0.00135259 1.1829 0.000127428
0.00150871 134.482 37.9771 0.00160618 1.41814 0.000133755
0.00175871 136.104 38.0251 0.00187612 1.65342 0.000139252
0.00200871 137.691 38.0936 0.00214354 1.88874 0.00014934
0.00225871 139.697 38.3443 0.00241406 2.12409 0.000158927
0.00250871 141.209 38.4417 0.00270996 2.35947 0.000166651
0.00275871 142.578 38.5077 0.00302103 2.59488 0.00017323
0.00300871 143.844 38.5544 0.00334465 2.83033 0.000179087
0.00325871 145.027 38.5873 0.00367938 3.0658 0.000184419
0.00350871 146.14 38.6095 0.0040242 3.30129 0.000189341
0.00375871 147.193 38.6231 0.00437837 3.53681 0.000193929
0.00400871 148.193 38.6298 0.00474128 3.77236 0.000198237
0.00425871 149.271 38.6697 0.00510242 4.00792 0.000203966
0.00450871 150.68 38.82 0.00544251 4.24351 0.000214479
0.00475871 151.806 38.8866 0.00581048 4.47912 0.0002215
0.00500871 152.818 38.9303 0.00619097 4.71474 0.000227574
0.00525871 153.784 38.9606 0.00658113 4.95039 0.000233083
0.00550871 154.708 38.9814 0.00697989 5.18606 0.00023819
0.00575871 155.597 38.9949 0.00738658 5.42174 0.000242985
0.00600871 156.426 39.0021 0.00780107 5.65744 0.000247529
0.00625871 157.24 39.0045 0.00822262 5.89316 0.000251856
0.00650871 158.036 39.0026 0.00865107 6.12889 0.000255996
0.00675871 158.788 38.9968 0.00908652 6.36464 0.000259977
0.00700871 159.525 38.9877 0.00952855 6.60041 0.000263812
0.00725871 160.382 39.0127 0.00996389 6.8362 0.000269251
0.00750871 161.493 39.1217 0.0103759 7.07199 0.000278697
0.00775871 162.401 39.1672 0.0108154 7.30781 0.000285203
0.00800871 162.401 39.1672 0.01168 7.54372 0.00034886
0.00825871 164.02 39.2133 0.0117272 7.77947 0.000296175
0.00850871 164.796 39.2239 0.0121956 8.01533 0.000301108
0.00875871 165.511 39.2293 0.012672 8.2512 0.0003058
0.00900871 166.235 39.2299 0.0131553 8.48708 0.000310287
0.00925871 166.915 39.2268 0.0136461 8.72298 0.000314609
0.00950871 167.599 39.2202 0.0141434 8.95889 0.000318783
0.00975871 168.25 39.2108 0.0146479 9.19481 0.000322831
0.0100087 168.9 39.1985 0.0151589 9.43075 0.000326764
0.0102587 169.528 39.1839 0.0156767 9.66669 0.000330596
0.0105087 170.148 39.167 0.0162012 9.90266 0.000334335
0.0107587 170.757 39.148 0.0167323 10.1386 0.00033799
0.0110087 171.844 39.2608 0.0172085 10.3746 0.000348337
0.0112587 172.641 39.2961 0.0177263 10.6106 0.000354823
0.0115087 173.388 39.3152 0.0182571 10.8466 0.000360526
0.0117587 174.086 39.3256 0.0187981 11.0826 0.000365805
0.0120087 174.775 39.3294 0.0193478 11.3187 0.000370792
0.0122587 175.426 39.3288 0.0199061 11.5547 0.000375565
0.0125087 176.083 39.3237 0.0204718 11.7908 0.00038016
0.0127587 176.7 39.316 0.0210458 12.0268 0.000384614
0.0130087 177.334 39.3045 0.0216267 12.2629 0.00038894
0.0132587 177.924 39.2913 0.0222158 12.499 0.000393163
0.0135087 178.54 39.2747 0.0228115 12.7351 0.000397283
0.0137587 179.107 39.257 0.0234155 12.9712 0.000401324
0.0140087 179.697 39.2365 0.0240261 13.2073 0.000405283
0.0142587 180.256 39.2146 0.0246447 13.4435 0.000409173
0.0145087 180.816 39.1907 0.0252704 13.6796 0.000412997
0.0147587 181.769 39.2663 0.0258433 13.9158 0.000422179
0.0150087 182.544 39.3007 0.0264475 14.1519 0.000429186
0.0152587 183.276 39.3148 0.0270686 14.3881 0.000435204
0.0155087 183.276 39.3148 0.0280968 14.6243 0.000495652
0.0157587 184.595 39.3198 0.0283462 14.8605 0.000446022
0.0160087 185.225 39.3143 0.0289994 15.0967 0.000451064
0.0162587 185.839 39.3053 0.0296616 15.3329 0.000455937
0.0165087 186.46 39.2922 0.0303319 15.5691 0.000460668
0.0167587 187.043 39.2775 0.0310113 15.8054 0.000465287
0.0170087 187.652 39.2585 0.031698 16.0416 0.000469797
0.0172587 188.212 39.2393 0.0323942 16.2779 0.000474228
0.0175087 188.783 39.2171 0.0330979 16.5141 0.000478574
0.0177587 189.354 39.1925 0.0338095 16.7504 0.000482847
0.0180087 189.9 39.167 0.0345298 16.9867 0.000487058
0.0182587 190.471 39.1382 0.0352572 17.223 0.000491204
0.0185087 190.998 39.1096 0.0359939 17.4593 0.000495302
0.0187587 192.019 39.197 0.0366504 17.6956 0.000505948
0.0190087 192.772 39.215 0.0373641 17.9319 0.000512803
0.0192587 193.449 39.2204 0.0380954 18.1683 0.00051895
0.0195087 194.132 39.216 0.0388379 18.4046 0.0005247
0.0197587 194.754 39.2091 0.039593 18.641 0.000530207
0.0200087 195.374 39.1969 0.0403576 18.8773 0.000535516
0.0202587 196.001 39.1803 0.0411311 19.1137 0.000540668
0.0205087 196.588 39.1623 0.041915 19.3501 0.000545704
0.0207587 197.195 39.1402 0.0427069 19.5865 0.000550624
0.0210087 197.771 39.1167 0.0435086 19.8229 0.000555458
0.0212587 198.34 39.0912 0.0443192 20.0593 0.00056021
0.0215087 198.93 39.0621 0.0451374 20.2957 0.000564882
0.0217587 199.477 39.0332 0.045966 20.5322 0.000569498
0.0220087 200.04 39.0013 0.0468022 20.7686 0.000574047
0.0222587 200.596 38.9677 0.0476471 21.005 0.000578541
0.0225087 201.449 39.0079 0.0484345 21.2415 0.000587259
0.0227587 202.291 39.0343 0.0492373 21.478 0.000595366
0.0230087 203 39.0409 0.0500694 21.7144 0.000602229
0.0232587 203.678 39.0368 0.050917 21.9509 0.000608567
0.0235087 204.361 39.0245 0.0517759 22.1874 0.000614578
0.0237587 204.987 39.0102 0.0526482 22.4239 0.000620382
0.0240087 205.616 38.991 0.0535302 22.6604 0.000626009
0.0242587 206.249 38.9677 0.0544217 22.897 0.000631493
0.0245087 206.844 38.9435 0.0553244 23.1335 0.000636872
0.0247587 207.46 38.915 0.0562352 23.37 0.000642142
0.0250087 208.049 38.8854 0.0571564 23.6066 0.000647333
0.0252587 208.627 38.854 0.0580872 23.8431 0.000652447
0.0255087 209.235 38.8183 0.0590252 24.0797 0.000657481
0.0257587 209.79 38.7839 0.059975 24.3163 0.000662467
0.0260087 210.357 38.7466 0.060933 24.5529 0.00066739
0.0262587 211.164 38.7563 0.0618454 24.7895 0.000675192
0.0265087 212.044 38.7923 0.0627419 25.0261 0.000684447
0.0267587 212.805 38.7954 0.0636778 25.2627 0.000691894
0.0270087 213.535 38.7864 0.0646317 25.4993 0.000698734
0.0272587 214.207 38.7729 0.0656017 25.736 0.000705241
0.0275087 214.884 38.7528 0.0665827 25.9726 0.000711498
0.0277587 215.545 38.7289 0.0675752 26.2092 0.000717576
0.0280087 216.176 38.7033 0.0685798 26.4459 0.000723517
0.0282587 216.835 38.6719 0.0695923 26.6826 0.000729321
0.0285087 217.448 38.6409 0.0706173 26.9192 0.000735039
0.0287587 218.057 38.6073 0.071652 27.1559 0.000740665
0.0290087 218.699 38.5686 0.0726937 27.3926 0.000746195
0.0292587 219.283 38.5318 0.0737486 27.6293 0.000751676
0.0295087 219.879 38.4919 0.0748119 27.866 0.000757083
0.0297587 220.498 38.448 0.0758825 28.1028 0.00076242
0.0300087 221.397 38.4764 0.0768794 28.3395 0.000771911
0.0302587 222.278 38.4952 0.0778921 28.5762 0.000780953
0.0305087 223.084 38.489 0.0789378 28.813 0.000788676
0.0307587 223.806 38.4766 0.0800056 29.0497 0.000795892
0.0310087 224.521 38.4565 0.0810869 29.2865 0.000802775
0.0312587 225.241 38.43 0.0821794 29.5233 0.000809419
0.0315087 225.907 38.4029 0.0832867 29.7601 0.000815909
0.0317587 226.584 38.371 0.0844036 29.9968 0.000822247
0.0320087 227.265 38.3352 0.0855302 30.2336 0.00082846
0.0322587 227.904 38.2996 0.0866698 30.4705 0.000834588
0.0325087 228.563 38.2597 0.0878176 30.7073 0.000840613
0.0327587 229.215 38.2176 0.0889754 30.9441 0.000846559
0.0330087 229.837 38.1755 0.0901451 31.1809 0.000852444
0.0332587 230.49 38.1288 0.0913216 31.4178 0.000858248
0.0335087 231.17 38.0937 0.0924934 31.6546 0.000864704
0.0337587 232.27 38.1478 0.0935525 31.8915 0.000876474
0.0340087 233.138 38.1445 0.0946916 32.1284 0.000884989
0.0342587 233.941 38.1294 0.0958557 32.3652 0.000892808
0.0345087 234.692 38.1088 0.0970386 32.6021 0.000900252
0.0347587 235.455 38.0804 0.0982332 32.839 0.000907416
0.0350087 236.191 38.049 0.0994415 33.0759 0.000914393
0.0352587 236.895 38.0158 0.100663 33.3128 0.000921225
0.0355087 237.627 37.9768 0.101894 33.5498 0.000927908
0.0357587 238.326 37.9369 0.103136 33.7867 0.000934494
0.0360087 239.006 37.8958 0.104391 34.0236 0.000940991
0.0362587 239.725 37.8488 0.105652 34.2606 0.000947378
0.0365087 240.395 37.8032 0.106928 34.4975 0.000953712
0.0367587 241.059 37.7559 0.108213 34.7345 0.000959976
0.0370087 241.803 37.7081 0.109493 34.9715 0.000966524
0.0372587 242.988 37.7646 0.110638 35.2084 0.000979036
0.0375087 243.885 37.7609 0.111879 35.4454 0.00098803
0.0377587 244.756 37.7415 0.113143 35.6824 0.000996284
0.0380087 245.583 37.7159 0.114426 35.9194 0.00100416
0.0382587 246.366 37.6872 0.115727 36.1565 0.00101178
0.0385087 247.168 37.6516 0.117038 36.3935 0.00101918
0.0387587 247.951 37.6131 0.118362 36.6305 0.00102643
0.0390087 248.697 37.574 0.119701 36.8676 0.00103356
0.0392587 249.468 37.5295 0.121047 37.1046 0.00104056
0.0395087 250.227 37.483 0.122405 37.3417 0.00104747
0.0397587 250.951 37.4369 0.123777 37.5787 0.00105431
0.0400087 251.706 37.3856 0.125155 37.8158 0.00106104
0.0402587 252.449 37.3331 0.126545 38.0529 0.00106771
0.0405087 253.497 37.3457 0.127841 38.29 0.00107818
0.0407587 254.586 37.3571 0.129139 38.5271 0.00108873
0.0410087 255.568 37.342 0.130484 38.7642 0.00109782
0.0412587 256.455 37.3211 0.131858 39.0013 0.00110639
0.0415087 257.339 37.2916 0.133247 39.2384 0.0011146
0.0417587 258.238 37.2544 0.134648 39.4756 0.00112254
0.0420087 259.061 37.2188 0.136069 39.7127 0.00113034
0.0422587 259.899 37.1778 0.1375 39.9498 0.00113797
0.0425087 260.771 37.1303 0.138938 40.187 0.00114545
0.0427587 261.565 37.0864 0.140395 40.4242 0.00115286
0.0430087 262.379 37.038 0.141861 40.6614 0.00116016
0.0432587 263.237 36.9832 0.143332 40.8985 0.00116735
0.0435087 264.014 36.933 0.144823 41.1357 0.0011745
0.0437587 264.834 36.8828 0.146314 41.3729 0.00118181
0.0440087 266.296 36.9312 0.147622 41.6101 0.00119524
0.0442587 267.338 36.9258 0.149055 41.8474 0.00120514
0.0445087 268.334 36.9057 0.150518 42.0846 0.00121429
0.0447587 269.36 36.873 0.151993 42.3218 0.00122299
0.0450087 270.303 36.8403 0.153492 42.5591 0.00123147
0.0452587 271.226 36.804 0.155007 42.7963 0.00123975
0.0455087 272.184 36.7605 0.156529 43.0336 0.00124783
0.0457587 273.119 36.7152 0.158066 43.2708 0.00125579
0.0460087 274.012 36.6703 0.15962 43.5081 0.00126366
0.0462587 274.939 36.6197 0.16118 43.7454 0.00127139
0.0465087 275.872 36.5663 0.162751 43.9827 0.00127903
0.0467587 276.748 36.5152 0.164339 44.22 0.00128662
0.0470087 277.659 36.4591 0.165934 44.4573 0.00129411
0.0472587 279.243 36.51 0.167326 44.6946 0.001308
0.0475087 280.409 36.5059 0.168849 44.9319 0.00131839
0.0477587 281.531 36.4858 0.170404 45.1693 0.001328
0.0480087 282.696 36.4518 0.171971 45.4066 0.00133712
0.0482587 283.729 36.4216 0.173569 45.644 0.00134606
0.0485087 284.773 36.3852 0.175179 45.8813 0.00135476
0.0487587 285.898 36.3378 0.176793 46.1187 0.00136323
0.0490087 286.904 36.2971 0.178433 46.3561 0.00137165
0.0492587 287.918 36.2523 0.180084 46.5934 0.00137993
0.0495087 288.992 36.2005 0.181741 46.8308 0.00138806
0.0497587 290.029 36.1491 0.183412 47.0682 0.00139613
0.0500087 291.029 36.0984 0.1851 47.3056 0.00140414
0.0502587 292.32 36.0828 0.186714 47.5431 0.00141435
0.0505087 293.91 36.1082 0.188247 47.7805 0.00142702
0.0507587 295.205 36.1025 0.189872 48.0179 0.00143763
0.0510087 296.471 36.0824 0.191525 48.2554 0.00144755
0.0512587 297.796 36.0488 0.19319 48.4928 0.00145702
0.0515087 298.971 36.0199 0.194887 48.7303 0.00146633
0.0517587 300.165 35.9848 0.196597 48.9677 0.00147542
0.0520087 301.468 35.9381 0.198308 49.2052 0.00148425
0.0522587 302.62 35.8996 0.20005 49.4427 0.00149307
0.0525087 303.789 35.8568 0.201803 49.6802 0.00150174
0.0527587 305.033 35.8069 0.20356 49.9177 0.00151026
0.0530087 306.247 35.7571 0.205332 50.1552 0.00151871
0.0532587 307.409 35.7089 0.207123 50.3927 0.00152711
0.0535087 309.196 35.7457 0.208735 50.6302 0.00154043
0.0537587 310.88 35.7498 0.210407 50.8677 0.00155209
0.0540087 312.332 35.7428 0.212142 51.1053 0.00156279
0.0542587 313.778 35.7243 0.2139 51.3428 0.00157294
0.0545087 315.336 35.6917 0.215665 51.5804 0.00158268
0.0547587 316.698 35.666 0.217467 51.8179 0.00159232
0.0550087 318.088 35.6348 0.219282 52.0555 0.00160175
0.0552587 319.668 35.5891 0.221089 52.2931 0.00161093
0.0555087 321.001 35.5564 0.22294 52.5307 0.00162008
0.0557587 322.378 35.5185 0.224798 52.7683 0.00162913
0.0560087 323.833 35.4747 0.226662 53.0059 0.00163803
0.0562587 325.332 35.4273 0.228534 53.2435 0.00164681
0.0565087 327.107 35.4428 0.230308 53.4811 0.00165876
0.0567587 329.092 35.4768 0.232043 53.7187 0.00167179
0.0570087 331.034 35.4718 0.233838 53.9564 0.001683
0.0572587 332.709 35.4671 0.235688 54.194 0.00169376
0.0575087 334.401 35.4536 0.237558 54.4317 0.00170412
0.0577587 336.203 35.4298 0.239436 54.6693 0.00171414
0.0580087 337.931 35.4059 0.241337 54.907 0.00172401
0.0582587 339.593 35.3825 0.243262 55.1447 0.00173377
0.0585087 341.346 35.3529 0.245193 55.3824 0.00174333
0.0587587 343.178 35.3185 0.247131 55.6201 0.00175273
0.0590087 344.85 35.2898 0.249101 55.8578 0.00176213
0.0592587 346.606 35.2566 0.251076 56.0955 0.00177139
0.0595087 348.826 35.2557 0.252962 56.3332 0.00178258
0.0597587 351.217 35.3192 0.254765 56.5709 0.00179674
0.0600087 353.379 35.3388 0.256666 56.8086 0.00180862
0.0602587 355.62 35.3411 0.258592 57.0464 0.00181973
0.0605087 357.788 35.3388 0.260548 57.2841 0.00183049
0.0607587 359.841 35.3361 0.262535 57.5219 0.00184106
0.0610087 361.996 35.3269 0.264532 57.7597 0.00185136
0.0612587 364.298 35.3112 0.266534 57.9974 0.00186142
0.0615087 366.362 35.3016 0.268575 58.2352 0.00187148
0.0617587 368.529 35.2879 0.270623 58.473 0.00188137
0.0620087 370.975 35.2661 0.272663 58.7108 0.00189103
0.0622587 373.086 35.2532 0.274749 58.9486 0.00190078
0.0625087 375.731 35.2946 0.276718 59.1864 0.00191327
0.0627587 378.825 35.3643 0.278615 59.4243 0.00192722
0.0630087 381.665 35.4003 0.280604 59.6621 0.00193937
0.0632587 384.284 35.4295 0.282645 59.8999 0.00195098
0.0635087 387.012 35.45 0.284703 60.1378 0.00196215
0.0637587 389.987 35.4623 0.286764 60.3756 0.00197294
0.0640087 392.604 35.4798 0.288875 60.6135 0.00198373
0.0642587 395.351 35.4936 0.290996 60.8514 0.0019943
0.0645087 398.538 35.5 0.293102 61.0892 0.00200454
0.0647587 401.232 35.5144 0.295264 61.3271 0.00201491
0.0650087 404.064 35.5268 0.297435 61.565 0.00202512
0.0652587 407.226 35.5358 0.2996 61.8029 0.00203513
0.0655087 411.088 35.6407 0.301583 62.0408 0.00204957
0.0657587 414.68 35.7333 0.30363 62.2788 0.00206326
0.0660087 418.285 35.8012 0.305733 62.5167 0.00207565
0.0662587 422.26 35.8577 0.307847 62.7546 0.00208734
0.0665087 425.69 35.9149 0.310025 62.9926 0.00209895
0.0667587 429.293 35.9687 0.312216 63.2305 0.00211025
0.0670087 433.559 36.0189 0.314388 63.4685 0.00212112
0.0672587 436.147 36.1332 0.316793 63.7065 0.00213097
0.0675087 440.89 36.1262 0.318875 63.9444 0.00214298
0.0677587 445.053 36.1803 0.321121 64.1824 0.00215358
0.0680087 449.336 36.2364 0.323381 64.4204 0.00216407
0.0682587 453.305 36.2942 0.32568 64.6584 0.00217461
0.0685087 458.848 36.4994 0.327672 64.8964 0.00219143
0.0687587 464.403 36.6326 0.329815 65.1344 0.00220452
0.0690087 469.106 36.7518 0.33205 65.3725 0.00221716
0.0692587 474.048 36.867 0.334307 65.6105 0.00222931
0.0695087 479.992 36.9868 0.336543 65.8485 0.00224087
0.0697587 484.95 37.1012 0.338857 66.0866 0.00225258
0.0700087 490.152 37.2177 0.341184 66.3247 0.00226406
0.0702587 495.989 37.3417 0.343506 66.5627 0.00227526
0.0705087 502.079 37.4711 0.345842 66.8008 0.00228631
0.0707587 507.679 37.5979 0.348225 67.0389 0.00229743
0.0710087 513.896 37.7349 0.350604 67.277 0.00230833
0.0712587 522.037 38.0061 0.352728 67.5151 0.00232388
0.0715087 528.965 38.2374 0.354982 67.7532 0.00233829
0.0717587 536.181 38.4547 0.357292 67.9913 0.00235149
0.0720087 544.976 38.692 0.359587 68.2294 0.00236384
0.0722587 552.125 38.9033 0.361977 68.4675 0.00237632
0.0725087 559.81 39.1241 0.36438 68.7057 0.00238847
0.0727587 568.839 39.3715 0.366767 68.9438 0.00240021
0.0730087 569.549 38.4706 0.369361 69.182 0.00240851
0.0732587 586.088 39.8627 0.371659 69.4202 0.00242361
0.0735087 595.829 40.137 0.374112 69.6583 0.00243501
0.0737587 606.285 40.432 0.376575 69.8965 0.00244627
0.0740087 616.847 40.8187 0.378887 70.1347 0.00246157
0.0742587 628.53 41.2372 0.381196 70.3729 0.00247669
0.0745087 642.083 41.6785 0.383548 70.6111 0.00249012
0.0747587 653.406 42.0643 0.386006 70.8493 0.00250344
0.0750087 665.88 42.478 0.388478 71.0875 0.00251628
0.0752587 681.746 42.9813 0.390912 71.3258 0.00252847
0.0755087 694.503 43.4097 0.393453 71.564 0.00254099
0.0757587 708.692 43.8798 0.395996 71.8023 0.00255324
0.0760087 727.494 44.4817 0.398483 72.0405 0.00256489
0.0762587 742.244 44.9791 0.401085 72.2788 0.00257699
0.0765087 758.787 45.5322 0.403686 72.517 0.00258887
0.0767587 782.455 46.3732 0.406028 72.7553 0.00260362
0.0770087 801.488 47.1106 0.408451 72.9936 0.00261962
0.0772587 821.786 47.8573 0.410962 73.2319 0.00263394
0.0775087 846.173 48.7239 0.413475 73.4702 0.00264736
0.0777587 872.075 49.6411 0.41602 73.7085 0.00266043
0.0780087 895.928 50.5003 0.418637 73.9468 0.00267355
0.0782587 924.989 51.5282 0.421235 74.1852 0.00268617
0.0785087 924.989 51.5282 0.423035 74.4235 0.00274397
0.0787587 986.157 53.7043 0.426528 74.6619 0.00271118
0.0790087 1022.52 54.991 0.429181 74.9002 0.00272334
0.0792587 1062 56.3885 0.431851 75.1386 0.00273539
0.0795087 1099.98 57.8506 0.434356 75.3769 0.0027518
0.0797587 1145.42 59.5618 0.436863 75.6153 0.00276751
0.0800087 1199.36 61.5372 0.439421 75.8537 0.00278166
0.0802587 1245.52 63.2517 0.442102 76.0921 0.00279582
0.0805087 1245.52 63.2517 0.443885 76.3305 0.00285385
0.0807587 1245.52 63.2517 0.445533 76.569 0.00291188
0.0810087 1429.88 69.9563 0.450213 76.8073 0.00283565
0.0812587 1501.32 72.5371 0.452974 77.0458 0.00284857
0.0815087 1592.53 75.7921 0.455703 77.2842 0.00286097
0.0817587 1667.09 78.4822 0.458557 77.5226 0.00287389
0.0820087 1757.83 81.7201 0.461398 77.7611 0.00288645
0.0822587 1770.26 81.5712 0.46399 77.9996 0.00290354
