0.000297173 120.862 37.2192 0.00115151 0.278072 9.03019e-05
0.000547173 125.188 37.2981 0.00137926 0.513057 9.69155e-05
0.000797173 125.188 37.2981 0.00193107 0.748391 0.00017152
0.00104717 129.618 37.2919 0.00181764 0.983295 0.00010364
0.00129717 131.207 37.26 0.00206272 1.21851 0.000106189
0.00154717 132.648 37.2227 0.00232352 1.45376 0.000108446
0.00179717 135.576 37.7058 0.00257698 1.68907 0.000125164
0.00204717 137.232 37.8747 0.00277858 1.92441 0.000138165
0.00229717 139.82 38.3328 0.0030027 2.15976 0.00015916
0.00254717 141.968 38.6162 0.00326564 2.39515 0.000174067
0.00279717 143.651 38.8128 0.00355298 2.63056 0.000186242
0.00304717 145.191 38.9636 0.00385812 2.866 0.000196697
0.00329717 146.66 39.0847 0.00417777 3.10147 0.000205947
0.00354717 148.115 39.1851 0.0045097 3.33696 0.000214291
0.00379717 149.309 39.2615 0.00485419 3.57247 0.000221954
0.00404717 150.46 39.3246 0.00520896 3.80801 0.000229038
0.00429717 151.588 39.3772 0.00557307 4.04357 0.000235637
0.00454717 152.809 39.4233 0.00594499 4.27915 0.000241815
0.00479717 153.783 39.4566 0.00632699 4.51475 0.000247674
0.00504717 154.714 39.4826 0.00671705 4.75037 0.000253227
0.00529717 155.63 39.503 0.00711463 4.98602 0.00025851
0.00554717 156.544 39.5187 0.00751931 5.22168 0.000263552
0.00579717 157.514 39.5309 0.00793027 5.45735 0.000268373
0.00604717 158.382 39.5374 0.00834891 5.69305 0.000273017
0.00629717 159.151 39.5391 0.00877509 5.92876 0.000277496
0.00654717 159.912 39.5378 0.00920776 6.16449 0.000281816
0.00679717 160.671 39.5335 0.00964674 6.40024 0.000285992
0.00704717 161.441 39.5265 0.0100918 6.63601 0.000290034
0.00729717 162.315 39.5173 0.0105417 6.87179 0.000293945
0.00754717 162.993 39.5049 0.011 7.10758 0.000297767
0.00779717 163.641 39.4902 0.0114648 7.34339 0.000301488
0.00804717 164.286 39.4735 0.0119357 7.57922 0.000305112
0.00829717 164.931 39.4548 0.0124125 7.81506 0.000308647
0.00854717 165.584 39.4343 0.0128953 8.05091 0.000312099
0.00879717 166.261 39.4118 0.0133837 8.28678 0.000315471
0.00904717 167.007 39.387 0.013877 8.52266 0.000318766
0.00929717 167.007 39.387 0.0153873 8.75869 0.00038166
0.00954717 168.125 39.335 0.0148873 8.99447 0.000325197
0.00979717 168.125 39.335 0.0162592 9.23052 0.000387857
0.0100472 169.243 39.2772 0.0159219 9.46633 0.000331388
0.0102972 169.243 39.2772 0.0171619 9.7024 0.000393813
0.0105472 170.396 39.2133 0.0169805 9.93824 0.000337365
0.0107972 171.077 39.1776 0.0175172 10.1742 0.000340274
0.0110472 171.603 39.1427 0.0180629 10.4102 0.000343155
0.0112972 172.093 39.1075 0.0186155 10.6462 0.000345998
0.0115472 172.584 39.0712 0.0191744 10.8822 0.000348802
0.0117972 173.077 39.0336 0.0197397 11.1182 0.000351567
0.0120472 173.574 38.9948 0.0203114 11.3543 0.000354297
0.0122972 174.08 38.9545 0.0208893 11.5903 0.000356992
0.0125472 174.606 38.9126 0.0214734 11.8264 0.000359654
0.0127972 175.211 38.8673 0.0220624 12.0625 0.000362279
0.0130472 175.705 38.8236 0.0226604 12.2985 0.000364888
0.0132972 176.141 38.7808 0.0232662 12.5346 0.000367475
0.0135472 176.58 38.7368 0.0238788 12.7707 0.000370035
0.0137972 177.021 38.6918 0.0244981 13.0069 0.000372571
0.0140472 177.466 38.6456 0.0251242 13.243 0.000375082
0.0142972 177.919 38.5981 0.025757 13.4791 0.00037757
0.0145472 178.624 38.611 0.0263609 13.7153 0.000383245
0.0147972 180.793 38.9972 0.0267549 13.9514 0.0004086
0.0150472 182.132 39.1576 0.0272816 14.1876 0.000422389
0.0152972 183.312 39.2651 0.0278429 14.4238 0.000433546
0.0155472 184.254 39.351 0.0284295 14.66 0.000443385
0.0157972 185.13 39.4188 0.0290328 14.8962 0.000452322
0.0160472 185.962 39.4735 0.0296502 15.1324 0.000460613
0.0162972 186.761 39.5179 0.0302798 15.3686 0.000468411
0.0165472 187.538 39.554 0.0309207 15.6048 0.000475815
0.0167972 188.298 39.5829 0.0315719 15.8411 0.000482895
0.0170472 189.048 39.6057 0.0322329 16.0773 0.000489701
0.0172972 189.798 39.6227 0.0329031 16.3136 0.00049627
0.0175472 190.567 39.6338 0.0335815 16.5498 0.000502628
0.0177972 191.397 39.6375 0.0342666 16.7861 0.000508789
0.0180472 192.041 39.6453 0.0349665 17.0224 0.000514849
0.0182972 192.677 39.6496 0.0356752 17.2587 0.000520765
0.0185472 193.308 39.6507 0.0363926 17.495 0.000526549
0.0187972 193.935 39.6488 0.0371185 17.7313 0.000532215
0.0190472 194.56 39.6438 0.0378529 17.9676 0.00053777
0.0192972 195.186 39.6361 0.0385956 18.2039 0.000543225
0.0195472 195.815 39.6254 0.0393464 18.4403 0.000548586
0.0197972 196.455 39.6117 0.0401051 18.6766 0.000553858
0.0200472 197.12 39.5943 0.040871 18.913 0.000559044
0.0202972 197.888 39.5694 0.0416409 19.1494 0.000564128
0.0205472 198.444 39.5529 0.0424275 19.3857 0.000569206
0.0207972 198.999 39.5343 0.0432224 19.6221 0.000574218
0.0210472 199.553 39.5138 0.0440256 19.8585 0.000579168
0.0212972 200.108 39.4912 0.0448371 20.0949 0.000584058
0.0215472 200.666 39.4667 0.0456567 20.3314 0.000588893
0.0217972 201.227 39.4401 0.0464845 20.5678 0.000593674
0.0220472 201.794 39.4114 0.0473202 20.8042 0.000598404
0.0222972 202.372 39.3803 0.0481636 21.0407 0.000603084
0.0225472 202.972 39.3463 0.0490143 21.2771 0.000607715
0.0227972 203.647 39.3063 0.0498697 21.5136 0.000612284
0.0230472 204.244 39.2689 0.0507369 21.7501 0.000616837
0.0232972 204.749 39.2354 0.0516169 21.9866 0.000621378
0.0235472 205.255 39.2003 0.0525053 22.223 0.000625881
0.0237972 205.763 39.1636 0.0534019 22.4596 0.000630347
0.0240472 206.274 39.1252 0.0543068 22.6961 0.000634779
0.0242972 206.79 39.0851 0.0552198 22.9326 0.000639176
0.0245472 207.313 39.0431 0.0561408 23.1691 0.00064354
0.0247972 207.846 38.9991 0.0570697 23.4057 0.000647871
0.0250472 208.395 38.9525 0.058006 23.6422 0.00065217
0.0252972 208.981 38.9021 0.0589487 23.8788 0.000656431
0.0255472 209.658 38.8442 0.0598945 24.1153 0.000660643
0.0257972 210.125 38.7989 0.0608606 24.3519 0.00066489
0.0260472 210.593 38.7522 0.0618352 24.5885 0.000669112
0.0262972 211.064 38.704 0.0628181 24.8251 0.000673308
0.0265472 211.064 38.704 0.0644011 25.0618 0.000731311
0.0267972 212.019 38.603 0.0648088 25.2983 0.000681626
0.0270472 212.504 38.5499 0.0658164 25.535 0.00068575
0.0272972 212.999 38.495 0.066832 25.7716 0.00068985
0.0275472 213.506 38.4379 0.0678552 26.0082 0.000693927
0.0277972 214.036 38.3779 0.0688856 26.2449 0.000697978
0.0280472 214.625 38.3121 0.0699206 26.4816 0.000701994
0.0282972 215.217 38.2447 0.0709637 26.7182 0.000705994
0.0285472 215.654 38.1878 0.0720258 26.9549 0.000710021
0.0287972 216.093 38.1296 0.0730963 27.1916 0.00071403
0.0290472 216.535 38.0699 0.0741752 27.4283 0.000718019
0.0292972 216.982 38.0087 0.0752624 27.665 0.000721991
0.0295472 217.435 37.9459 0.0763579 27.9017 0.000725945
0.0297972 217.895 37.8813 0.0774615 28.1385 0.000729881
0.0300472 220.231 38.2175 0.0780859 28.3752 0.000757534
0.0302972 221.64 38.3501 0.0789602 28.6119 0.000773317
0.0305472 222.843 38.4331 0.0798988 28.8487 0.000786281
0.0307972 223.957 38.4889 0.0808731 29.0854 0.000797785
0.0310472 225.053 38.5238 0.0818704 29.3222 0.00080833
0.0312972 226.142 38.5435 0.0828857 29.559 0.0008182
0.0315472 227.012 38.5694 0.0839321 29.7958 0.000827714
0.0317972 227.856 38.5873 0.0849946 30.0326 0.000836826
0.0320472 228.679 38.5987 0.0860718 30.2694 0.000845606
0.0322972 229.486 38.6042 0.0871624 30.5062 0.000854108
0.0325472 230.281 38.6045 0.0882657 30.743 0.000862371
0.0327972 231.069 38.6 0.089381 30.9798 0.000870425
0.0330472 231.852 38.591 0.0905074 31.2166 0.000878293
0.0332972 232.636 38.5776 0.0916445 31.4535 0.000885996
0.0335472 233.425 38.5598 0.0927915 31.6903 0.000893546
0.0337972 234.231 38.5369 0.0939473 31.9272 0.000900952
0.0340472 235.088 38.5065 0.0951089 32.164 0.000908208
0.0342972 236.003 38.4682 0.0962751 32.4009 0.000915323
0.0345472 236.689 38.4456 0.0974707 32.6378 0.000922473
0.0347972 237.373 38.4204 0.0986763 32.8747 0.000929526
0.0350472 238.056 38.3925 0.0998917 33.1116 0.000936489
0.0352972 238.74 38.362 0.101117 33.3485 0.000943368
0.0355472 239.425 38.3289 0.102351 33.5854 0.000950166
0.0357972 240.114 38.2932 0.103595 33.8224 0.000956888
0.0360472 240.81 38.2548 0.104848 34.0593 0.000963538
0.0362972 241.515 38.2134 0.106109 34.2962 0.000970118
0.0365472 242.237 38.1687 0.107378 34.5332 0.000976629
0.0367972 242.989 38.1195 0.108653 34.7702 0.000983066
0.0370472 243.828 38.0612 0.109929 35.0071 0.000989403
0.0372972 244.641 38.0031 0.111217 35.2441 0.000995707
0.0375472 245.267 37.9589 0.112532 35.4811 0.00100207
0.0377972 245.894 37.9127 0.113857 35.7181 0.00100837
0.0380472 246.525 37.8645 0.11519 35.9551 0.00101463
0.0382972 247.16 37.8143 0.116533 36.1921 0.00102084
0.0385472 247.801 37.762 0.117884 36.4291 0.00102701
0.0387972 248.45 37.7074 0.119243 36.6662 0.00103313
0.0390472 249.11 37.6504 0.120611 36.9032 0.00103921
0.0392972 249.785 37.5906 0.121986 37.1403 0.00104524
0.0395472 250.483 37.5274 0.123368 37.3773 0.00105122
0.0397972 251.225 37.459 0.124755 37.6144 0.00105715
0.0400472 252.193 37.3694 0.126126 37.8515 0.00106293
0.0402972 252.806 37.31 0.127545 38.0885 0.00106888
0.0405472 253.399 37.2501 0.128975 38.3256 0.00107479
0.0407972 253.996 37.1886 0.130414 38.5627 0.00108068
0.0410472 254.599 37.1252 0.131861 38.7999 0.00108653
0.0412972 255.209 37.06 0.133317 39.037 0.00109235
0.0415472 255.827 36.9928 0.134782 39.2741 0.00109814
0.0417972 256.457 36.9233 0.136254 39.5112 0.0011039
0.0420472 257.101 36.8514 0.137734 39.7484 0.00110962
0.0422972 257.765 36.7766 0.139221 39.9855 0.00111531
0.0425472 258.461 36.6978 0.140714 40.2227 0.00112096
0.0427972 259.221 36.6124 0.142209 40.4599 0.00112655
0.0430472 260.176 36.509 0.143691 40.6971 0.00113203
0.0432972 260.745 36.4379 0.145226 40.9343 0.00113769
0.0435472 261.319 36.3652 0.146769 41.1715 0.00114332
0.0437972 263.609 36.5934 0.147778 41.4087 0.00116691
0.0440472 265.513 36.7503 0.14892 41.6459 0.00118631
0.0442972 267.064 36.8414 0.150186 41.8831 0.00120184
0.0445472 268.461 36.9018 0.151513 42.1203 0.00121561
0.0447972 269.771 36.9428 0.15288 42.3576 0.00122829
0.0450472 271.027 36.9699 0.154276 42.5948 0.00124022
0.0452972 272.249 36.986 0.155695 42.832 0.00125159
0.0455472 273.454 36.9927 0.157135 43.0693 0.0012625
0.0457972 274.655 36.9908 0.158591 43.3066 0.00127304
0.0460472 275.874 36.9802 0.160059 43.5438 0.00128325
0.0462972 277.165 36.9576 0.161534 43.7811 0.00129314
0.0465472 278.599 36.9181 0.163006 44.0184 0.00130268
0.0467972 279.625 36.9078 0.164537 44.2557 0.00131238
0.0470472 280.644 36.8934 0.166081 44.493 0.00132189
0.0472972 281.66 36.8752 0.167639 44.7303 0.00133124
0.0475472 282.676 36.8534 0.169208 44.9677 0.00134045
0.0477972 283.694 36.8281 0.170789 45.205 0.00134951
0.0480472 284.717 36.7994 0.172381 45.4423 0.00135845
0.0482972 285.75 36.7673 0.173984 45.6797 0.00136727
0.0485472 286.796 36.7316 0.175597 45.917 0.00137597
0.0487972 287.863 36.6922 0.177219 46.1544 0.00138456
0.0490472 288.961 36.6482 0.178848 46.3918 0.00139305
0.0492972 290.114 36.5984 0.180482 46.6291 0.00140141
0.0495472 291.414 36.5363 0.18211 46.8665 0.0014096
0.0497972 292.772 36.469 0.183743 47.1039 0.00141769
0.0500472 293.727 36.4289 0.185434 47.3413 0.00142599
0.0502972 294.689 36.3867 0.187135 47.5788 0.00143422
0.0505472 295.66 36.3422 0.188846 47.8162 0.00144239
0.0507972 296.642 36.2955 0.190567 48.0536 0.00145048
0.0510472 297.638 36.2464 0.192297 48.291 0.00145851
0.0512972 298.651 36.1949 0.194037 48.5285 0.00146647
0.0515472 299.685 36.1409 0.195785 48.7659 0.00147437
0.0517972 300.746 36.0839 0.197541 49.0034 0.0014822
0.0520472 301.844 36.0235 0.199304 49.2409 0.00148997
0.0522972 302.997 35.9586 0.201071 49.4784 0.00149766
0.0525472 304.256 35.8862 0.202837 49.7159 0.00150525
0.0527972 305.996 35.7829 0.204558 49.9534 0.00151252
0.0530472 306.96 35.7285 0.206381 50.1909 0.00152024
0.0532972 307.937 35.6725 0.208215 50.4284 0.0015279
0.0535472 308.928 35.6147 0.210057 50.6659 0.00153552
0.0537972 309.936 35.5551 0.211909 50.9034 0.0015431
0.0540472 310.963 35.4937 0.21377 51.141 0.00155063
0.0542972 312.014 35.4302 0.21564 51.3785 0.00155811
0.0545472 313.091 35.3646 0.217518 51.6161 0.00156555
0.0547972 314.203 35.2965 0.219403 51.8537 0.00157295
0.0550472 315.36 35.2255 0.221295 52.0912 0.00158029
0.0552972 316.578 35.1507 0.223191 52.3288 0.00158757
0.0555472 317.9 35.0699 0.225086 52.5664 0.00159478
0.0557972 320.09 34.9537 0.226912 52.804 0.00160159
0.0560472 321.101 34.8789 0.22885 53.0416 0.00160886
0.0562972 322.139 34.8141 0.230814 53.2792 0.00161617
0.0565472 326.029 35.149 0.231913 53.5169 0.00164554
0.0567972 328.71 35.3079 0.233406 53.7545 0.00166514
0.0570472 331.052 35.4136 0.235023 53.9921 0.0016818
0.0572972 333.236 35.4917 0.236707 54.2298 0.00169695
0.0575472 335.335 35.5519 0.238437 54.4674 0.00171112
0.0577972 337.388 35.5989 0.240201 54.7051 0.00172458
0.0580472 339.42 35.6357 0.241994 54.9428 0.00173751
0.0582972 341.451 35.664 0.24381 55.1804 0.00175
0.0585472 343.503 35.6847 0.245644 55.4181 0.00176212
0.0587972 345.597 35.6983 0.247495 55.6558 0.00177391
0.0590472 347.774 35.7045 0.249356 55.8935 0.0017854
0.0592972 350.121 35.7008 0.25122 56.1312 0.00179657
0.0595472 353.365 35.661 0.253016 56.3689 0.00180696
0.0597972 355.23 35.6737 0.254961 56.6067 0.00181815
0.0600472 357.111 35.6832 0.256921 56.8444 0.00182918
0.0602972 359.013 35.6899 0.258896 57.0821 0.00184005
0.0605472 360.942 35.6939 0.260884 57.3199 0.00185077
0.0607972 362.903 35.6955 0.262885 57.5576 0.00186136
0.0610472 364.904 35.6947 0.264899 57.7954 0.00187183
0.0612972 366.952 35.6916 0.266924 58.0332 0.00188217
0.0615472 369.06 35.6862 0.268959 58.271 0.00189239
0.0617972 371.242 35.6785 0.271003 58.5087 0.0019025
0.0620472 373.522 35.6682 0.273055 58.7465 0.00191249
0.0622972 375.943 35.6547 0.27511 58.9843 0.00192234
0.0625472 378.61 35.6363 0.277161 59.2222 0.00193202
0.0627972 382.448 35.5939 0.27913 59.46 0.00194104
0.0630472 385 35.5823 0.281224 59.6978 0.00195077
0.0632972 387.128 35.5799 0.283369 59.9356 0.0019606
0.0635472 389.306 35.5767 0.285526 60.1735 0.00197036
0.0637972 391.541 35.5728 0.287694 60.4113 0.00198004
0.0640472 393.84 35.5682 0.289873 60.6492 0.00198965
0.0642972 396.214 35.5631 0.292061 60.8871 0.0019992
0.0645472 398.674 35.5575 0.294259 61.125 0.00200866
0.0647972 401.24 35.5515 0.296465 61.3629 0.00201806
0.0650472 403.935 35.545 0.298677 61.6008 0.00202737
0.0652972 406.801 35.5381 0.300893 61.8387 0.0020366
0.0655472 409.921 35.5304 0.303107 62.0766 0.00204571
0.0657972 413.525 35.5209 0.305305 62.3145 0.00205464
0.0660472 419.165 35.5006 0.307379 62.5524 0.00206286
0.0662972 421.78 35.5061 0.309684 62.7904 0.00207215
0.0665472 424.475 35.5122 0.312 63.0283 0.00208139
0.0667972 427.26 35.5191 0.314326 63.2663 0.00209058
0.0670472 430.147 35.527 0.316663 63.5042 0.00209972
0.0672972 433.148 35.536 0.319009 63.7422 0.0021088
0.0675472 436.284 35.5464 0.321363 63.9802 0.00211783
0.0677972 439.579 35.5586 0.323725 64.2182 0.0021268
0.0680472 443.068 35.5728 0.326093 64.4562 0.00213571
0.0682972 450.328 36.0017 0.327576 64.6942 0.00216312
0.0685472 456.831 36.3214 0.329318 64.9322 0.00218519
0.0687972 462.995 36.5708 0.33123 65.1702 0.00220369
0.0690472 469.319 36.7909 0.333216 65.4083 0.0022204
0.0692972 476.441 36.9991 0.335223 65.6463 0.00223575
0.0695472 486.244 37.2174 0.33716 65.8843 0.0022494
0.0697972 491.549 37.4091 0.33934 66.1224 0.00226443
0.0700472 496.924 37.5955 0.341553 66.3604 0.00227897
0.0702972 502.404 37.7788 0.343794 66.5985 0.00229313
0.0705472 508.021 37.961 0.34606 66.8366 0.00230694
0.0707972 513.808 38.1438 0.348348 67.0747 0.00232047
0.0710472 519.803 38.3286 0.350655 67.3127 0.00233373
0.0712972 526.051 38.5171 0.352979 67.5508 0.00234675
0.0715472 532.608 38.711 0.355317 67.789 0.00235956
0.0717972 539.556 38.9125 0.357668 68.0271 0.00237215
0.0720472 547.023 39.1249 0.360025 68.2652 0.00238452
0.0722972 555.245 39.3536 0.362383 68.5033 0.00239664
0.0725472 564.846 39.6119 0.364721 68.7415 0.00240841
0.0727972 583.213 40.0487 0.366807 68.9796 0.00241841
0.0730472 590.572 40.2813 0.369283 69.2178 0.00243069
0.0732972 598.236 40.5224 0.371774 69.4559 0.00244285
0.0735472 606.244 40.7732 0.37428 69.6941 0.00245489
0.0737972 614.642 41.0354 0.376799 69.9323 0.00246682
0.0740472 623.489 41.3108 0.379331 70.1705 0.00247864
0.0742972 632.861 41.6019 0.381873 70.4087 0.00249034
0.0745472 642.858 41.9117 0.384425 70.6469 0.00250193
0.0747972 653.628 42.2448 0.386984 70.8851 0.00251339
0.0750472 665.396 42.6078 0.389545 71.1233 0.00252472
0.0752972 678.573 43.013 0.392102 71.3615 0.00253587
0.0755472 694.13 43.488 0.394637 71.5998 0.00254677
0.0757972 719.321 44.2358 0.397006 71.838 0.00255665
0.0760472 744.933 45.0165 0.399424 72.0763 0.00256671
0.0762972 758.078 45.4552 0.402116 72.3145 0.0025781
0.0765472 772.02 45.9209 0.40482 72.5528 0.00258942
0.0767972 786.879 46.4174 0.407535 72.7911 0.00260065
0.0770472 802.804 46.9499 0.41026 73.0294 0.00261181
0.0772972 819.998 47.5252 0.412994 73.2677 0.00262287
0.0775472 838.743 48.1528 0.415734 73.506 0.00263384
0.0777972 859.465 48.8467 0.418477 73.7443 0.0026447
0.0780472 882.881 49.6305 0.421215 73.9826 0.00265542
0.0782972 910.453 50.552 0.423936 74.221 0.00266595
0.0785472 946.926 51.7653 0.426593 74.4593 0.00267605
0.0787972 973.566 52.3731 0.429279 74.6976 0.00268526
0.0790472 1014.52 54.5019 0.432121 74.936 0.00269658
0.0792972 1086.51 56.5371 0.434413 75.1744 0.00270903
0.0795472 1130.59 58.575 0.436092 75.4127 0.00274035
0.0797972 1130.59 58.575 0.437102 75.6511 0.00279818
0.0800472 1214.1 62.0389 0.44068 75.8895 0.00278286
0.0802972 1258.97 63.8267 0.443148 76.1279 0.00280139
0.0805472 1307.19 65.7156 0.445678 76.3663 0.00281896
0.0807972 1359.69 67.7437 0.448255 76.6047 0.00283581
0.0810472 1417.69 69.9561 0.450867 76.8431 0.00285206
0.0812972 1482.99 72.4165 0.453503 77.0816 0.00286778
0.0815472 1558.71 75.2341 0.456152 77.32 0.00288298
0.0817972 1652.17 78.6587 0.458791 77.5584 0.00289754
0.0820472 1762.32 81.4707 0.461097 77.7969 0.00290892
0.0822972 1853.38 85.8203 0.464123 78.0354 0.00292467
