0.000248661 111.518 35.2999 0.000517504 0.233118 7.77952e-05
0.000498661 115.564 35.5219 0.000708703 0.468095 8.9368e-05
0.000748661 118.446 35.8912 0.000867809 0.703161 0.00010485
0.000998661 120.529 36.0729 0.00105665 0.938284 0.000114376
0.00124866 122.188 36.1808 0.00126402 1.17346 0.000121381
0.00149866 123.594 36.2529 0.00148526 1.40867 0.000127068
0.00174866 124.853 36.3052 0.00171775 1.64393 0.000131903
0.00199866 125.951 36.3409 0.00195986 1.87922 0.000136133
0.00224866 126.955 36.3667 0.0022102 2.11454 0.000139904
0.00249866 127.999 36.4246 0.00246186 2.34989 0.00014485
0.00274866 129.374 36.608 0.00270165 2.58526 0.000154724
0.00299866 130.42 36.6944 0.00296139 2.82065 0.000160851
0.00324866 131.354 36.7551 0.00323008 3.05607 0.000165954
0.00349866 132.213 36.8013 0.00350574 3.29151 0.000170444
0.00374866 133.015 36.8374 0.00378743 3.52697 0.000174499
0.00399866 133.773 36.8662 0.00407456 3.76244 0.00017822
0.00424866 134.465 36.8881 0.00436688 3.99794 0.000181673
0.00449866 135.133 36.9057 0.00466399 4.23345 0.000184901
0.00474866 135.781 36.9198 0.00496571 4.46898 0.000187939
0.00499866 136.399 36.9304 0.00527202 4.70453 0.000190814
0.00524866 136.971 36.9374 0.00558296 4.94009 0.000193548
0.00549866 137.546 36.9428 0.00589829 5.17566 0.000196156
0.00574866 138.086 36.9454 0.00621824 5.41125 0.000198655
0.00599866 138.611 36.9462 0.00654278 5.64686 0.000201056
0.00624866 139.507 37.0551 0.00684817 5.88247 0.000208226
0.00649866 140.227 37.1243 0.0071669 6.1181 0.000213723
0.00674866 140.896 37.1699 0.00749537 6.35374 0.000218136
0.00699866 141.484 37.2031 0.00783129 6.5894 0.000222054
0.00724866 142.076 37.2302 0.00817345 6.82507 0.000225653
0.00749866 142.612 37.2511 0.00852199 7.06074 0.000229025
0.00774866 143.161 37.2689 0.00887642 7.29643 0.000232216
0.00799866 143.663 37.2825 0.00923715 7.53214 0.000235264
0.00824866 144.182 37.294 0.00960382 7.76785 0.00023819
0.00849866 144.658 37.3024 0.00997697 8.00357 0.000241014
0.00874866 145.156 37.3093 0.0103562 8.23931 0.000243746
0.00899866 145.61 37.3136 0.0107423 8.47505 0.000246402
0.00924866 146.093 37.3168 0.0111347 8.71081 0.000248987
0.00949866 146.528 37.3177 0.0115343 8.94658 0.000251513
0.00974866 146.998 37.3176 0.0119405 9.18236 0.000253981
0.00999866 147.419 37.3157 0.0123542 9.41815 0.000256403
0.0102487 147.863 37.3129 0.0127751 9.65395 0.000258778
0.0104987 148.288 37.3084 0.0132035 9.88976 0.000261114
0.0107487 148.709 37.3028 0.0136397 10.1256 0.000263413
0.0109987 149.139 37.2963 0.0140836 10.3614 0.000265679
0.0112487 149.783 37.3547 0.0145135 10.5972 0.000271151
0.0114987 150.482 37.4197 0.0149486 10.8331 0.000276978
0.0117487 151.04 37.4554 0.0154017 11.069 0.000281442
0.0119987 151.04 37.4554 0.0163127 11.3049 0.000349556
0.0122487 152.102 37.4995 0.0163412 11.5407 0.000289109
0.0124987 152.6 37.5136 0.0168263 11.7766 0.000292612
0.0127487 152.6 37.5136 0.0177368 12.0126 0.000360616
0.0129987 152.6 37.5136 0.0187241 12.2488 0.00042862
0.0132487 152.6 37.5136 0.0198345 12.4851 0.000496625
0.0134987 152.6 37.5136 0.0208564 12.7216 0.000564629
0.0137487 154.992 37.5409 0.0194005 12.9562 0.000308495
0.0139987 155.446 37.5397 0.0199457 13.1921 0.000311465
0.0142487 155.894 37.5369 0.0205013 13.4281 0.000314387
0.0144987 156.36 37.5326 0.0210671 13.6641 0.000317266
0.0147487 156.793 37.5266 0.021644 13.9 0.000320111
0.0149987 157.265 37.5192 0.0222311 14.136 0.00032292
0.0152487 157.686 37.5103 0.0228298 14.372 0.000325703
0.0154987 158.134 37.5002 0.0234391 14.608 0.000328458
0.0157487 158.573 37.4885 0.0240598 14.844 0.000331191
0.0159987 159.002 37.4756 0.0246919 15.0801 0.000333902
0.0162487 159.455 37.4614 0.0253351 15.3161 0.000336592
0.0164987 160.161 37.5226 0.0259502 15.5521 0.000343248
0.0167487 160.867 37.5705 0.0265817 15.7882 0.000349302
0.0169987 161.442 37.5963 0.027237 16.0243 0.000354229
0.0172487 162.004 37.612 0.027908 16.2603 0.000358705
0.0174987 162.561 37.6215 0.0285932 16.4964 0.000362918
0.0177487 163.08 37.6267 0.0292927 16.7325 0.000366957
0.0179987 163.628 37.628 0.0300048 16.9686 0.000370859
0.0182487 164.123 37.6267 0.0307312 17.2047 0.000374665
0.0184987 164.652 37.6225 0.03147 17.4409 0.000378384
0.0187487 165.145 37.616 0.0322227 17.677 0.000382038
0.0189987 165.642 37.6074 0.0329885 17.9131 0.000385633
0.0192487 166.154 37.5964 0.0337672 18.1493 0.000389176
0.0194987 166.634 37.5839 0.0345599 18.3855 0.00039268
0.0197487 167.152 37.569 0.035365 18.6216 0.000396142
0.0199987 167.62 37.553 0.0361849 18.8578 0.000399575
0.0202487 168.139 37.5342 0.0370169 19.094 0.000402973
0.0204987 168.601 37.5152 0.0378641 19.3302 0.000406351
0.0207487 169.088 37.4939 0.0387243 19.5664 0.000409702
0.0209987 169.578 37.4709 0.0395981 19.8027 0.00041303
0.0212487 170.413 37.5399 0.040416 20.0389 0.000421395
0.0214987 171.15 37.5721 0.0412718 20.2752 0.000427881
0.0217487 171.773 37.5868 0.0421552 20.5114 0.000433447
0.0219987 172.421 37.591 0.0430564 20.7477 0.000438586
0.0222487 172.993 37.5912 0.0439765 20.984 0.000443482
0.0224987 173.58 37.5859 0.044912 21.2203 0.000448196
0.0227487 174.163 37.5767 0.0458632 21.4566 0.000452778
0.0229987 174.721 37.5648 0.0468304 21.6929 0.000457258
0.0232487 175.305 37.5492 0.0478119 21.9292 0.000461648
0.0234987 175.843 37.5321 0.0488099 22.1655 0.000465973
0.0237487 176.429 37.5111 0.0498214 22.4019 0.00047023
0.0239987 176.953 37.4895 0.05085 22.6382 0.000474444
0.0242487 177.535 37.4636 0.0518914 22.8746 0.000478602
0.0244987 178.051 37.4381 0.0529504 23.1109 0.00048273
0.0247487 178.6 37.4093 0.0540232 23.3473 0.000486817
0.0249987 179.142 37.3786 0.0551113 23.5837 0.000490871
0.0252487 179.673 37.3463 0.0562149 23.8201 0.000494898
0.0254987 180.686 37.4241 0.0572207 24.0565 0.000505178
0.0257487 181.419 37.4419 0.0583009 24.293 0.000512142
0.0259987 182.151 37.4429 0.0594068 24.5294 0.000518339
0.0262487 182.794 37.4378 0.0605363 24.7659 0.000524172
0.0264987 183.485 37.4241 0.0616821 25.0023 0.000529744
0.0267487 184.097 37.409 0.0628486 25.2388 0.000535159
0.0269987 184.735 37.3885 0.0640308 25.4753 0.00054043
0.0272487 185.363 37.3645 0.0652298 25.7118 0.000545595
0.0274987 185.974 37.338 0.0664459 25.9483 0.000550673
0.0277487 186.605 37.3077 0.0676772 26.1848 0.000555671
0.0279987 187.197 37.2761 0.0689262 26.4213 0.000560611
0.0282487 187.83 37.2402 0.0701893 26.6578 0.000565485
0.0284987 188.408 37.204 0.0714709 26.8944 0.000570319
0.0287487 189.042 37.1631 0.0727657 27.131 0.000575097
0.0289987 189.608 37.1227 0.0740796 27.3675 0.000579848
0.0292487 190.682 37.1806 0.075279 27.6041 0.000590429
0.0294987 191.484 37.1943 0.0765532 27.8407 0.000598397
0.0297487 192.26 37.1885 0.0778595 28.0773 0.000605447
0.0299987 193.003 37.1733 0.07919 28.3139 0.000612066
0.0302487 193.712 37.1526 0.0805421 28.5505 0.000618414
0.0304987 194.439 37.1253 0.0819118 28.7872 0.000624559
0.0307487 195.114 37.0958 0.0833021 29.0238 0.000630565
0.0309987 195.832 37.0601 0.0847073 29.2605 0.000636438
0.0312487 196.483 37.024 0.0861331 29.4972 0.000642227
0.0314987 197.197 36.9814 0.0875722 29.7338 0.000647913
0.0317487 197.831 36.9397 0.0890325 29.9705 0.000653545
0.0319987 198.542 36.8911 0.0905047 30.2072 0.000659091
0.0322487 199.162 36.8444 0.0919987 30.4439 0.000664603
0.0324987 199.867 36.7901 0.0935038 30.6807 0.00067004
0.0327487 200.959 36.8479 0.0948746 30.9174 0.000681668
0.0329987 201.863 36.8497 0.0963316 31.1542 0.000690325
0.0332487 202.716 36.8333 0.0978247 31.3909 0.000698088
0.0334987 203.505 36.8095 0.0993457 31.6277 0.000705422
0.0337487 204.321 36.7763 0.100886 31.8645 0.000712457
0.0339987 205.064 36.7412 0.10245 32.1013 0.000719308
0.0342487 205.865 36.6978 0.104029 32.3381 0.000725979
0.0344987 206.58 36.6549 0.105631 32.5749 0.000732546
0.0347487 207.373 36.6035 0.107245 32.8117 0.000738979
0.0349987 208.068 36.5543 0.108883 33.0486 0.00074535
0.0352487 208.856 36.496 0.110532 33.2854 0.00075161
0.0354987 209.535 36.4413 0.112205 33.5223 0.000757833
0.0357487 210.308 36.3774 0.113888 33.7592 0.000763961
0.0359987 211.479 36.4247 0.11542 33.9961 0.00077619
0.0362487 212.464 36.4196 0.117042 34.233 0.000785648
0.0364987 213.405 36.3942 0.118703 34.4699 0.000794145
0.0367487 214.264 36.3621 0.120396 34.7068 0.000802194
0.0369987 215.164 36.3188 0.122108 34.9437 0.000809919
0.0372487 215.974 36.2751 0.123847 35.1807 0.000817457
0.0374987 216.859 36.2209 0.125599 35.4176 0.000824793
0.0377487 217.638 36.1691 0.127377 35.6546 0.000832028
0.0379987 218.516 36.1064 0.129166 35.8916 0.000839109
0.0382487 219.272 36.0481 0.130981 36.1286 0.000846133
0.0384987 220.144 35.9781 0.132805 36.3656 0.000853026
0.0387487 220.886 35.9141 0.134656 36.6026 0.000859888
0.0389987 222.071 35.9223 0.136375 36.8396 0.000871172
0.0392487 223.22 35.9212 0.138123 37.0767 0.000882014
0.0394987 224.224 35.8955 0.139933 37.3137 0.000891448
0.0397487 225.245 35.8535 0.141771 37.5508 0.000900273
0.0399987 226.16 35.8092 0.143641 37.7879 0.00090878
0.0402487 227.154 35.752 0.145526 38.0249 0.000916998
0.0404987 228.025 35.6977 0.147441 38.262 0.000925071
0.0407487 229.01 35.63 0.149366 38.4991 0.000932939
0.0409987 229.851 35.5682 0.151321 38.7363 0.000940735
0.0412487 230.828 35.4921 0.153282 38.9734 0.00094836
0.0414987 231.652 35.4241 0.155274 39.2105 0.000955952
0.0417487 232.561 35.3462 0.157277 39.4477 0.00096342
0.0419987 233.955 35.3701 0.159098 39.6849 0.000976581
0.0422487 235.138 35.3561 0.16101 39.9221 0.000987601
0.0424987 236.31 35.3147 0.162969 40.1592 0.000997485
0.0427487 237.337 35.2705 0.164968 40.3964 0.0010069
0.0429987 238.468 35.209 0.166983 40.6337 0.00101593
0.0432487 239.437 35.1528 0.169033 40.8709 0.00102478
0.0434987 240.555 35.0792 0.171091 41.1081 0.00103337
0.0437487 241.49 35.0148 0.173184 41.3454 0.00104188
0.0439987 242.518 34.9388 0.175288 41.5826 0.00105022
0.0442487 243.518 34.8609 0.177412 41.8199 0.00105846
0.0444987 244.499 34.7809 0.179557 42.0572 0.00106661
0.0447487 245.919 34.7667 0.181562 42.2945 0.00107867
0.0449987 247.286 34.7651 0.183575 42.5318 0.00109113
0.0452487 248.65 34.7209 0.185654 42.7691 0.00110186
0.0454987 249.79 34.6772 0.187785 43.0065 0.00111205
0.0457487 251.08 34.6111 0.189929 43.2438 0.00112176
0.0459987 252.173 34.5528 0.192114 43.4812 0.0011313
0.0462487 253.324 34.4839 0.194316 43.7185 0.00114059
0.0464987 254.512 34.407 0.196534 43.9559 0.00114969
0.0467487 255.609 34.3326 0.19878 44.1933 0.00115869
0.0469987 256.829 34.2452 0.201035 44.4307 0.0011675
0.0472487 257.892 34.1659 0.203322 44.6681 0.00117628
0.0474987 259.605 34.1515 0.205431 44.9055 0.0011893
0.0477487 261.085 34.1489 0.207581 45.143 0.00120221
0.0479987 262.522 34.1093 0.209799 45.3804 0.00121355
0.0482487 263.947 34.0543 0.212054 45.6179 0.00122424
0.0484987 265.249 33.9983 0.214346 45.8554 0.00123461
0.0487487 266.698 33.9244 0.21665 46.0929 0.00124462
0.0489987 267.936 33.8599 0.218995 46.3304 0.00125452
0.0492487 269.416 33.7737 0.22134 46.5679 0.00126413
0.0494987 270.616 33.7033 0.22373 46.8054 0.00127373
0.0497487 271.952 33.62 0.226127 47.0429 0.00128313
0.0499987 273.306 33.5325 0.228543 47.2805 0.00129241
0.0502487 275.282 33.5712 0.230708 47.518 0.00130805
0.0504987 277.157 33.5382 0.232999 47.7556 0.0013206
0.0507487 278.677 33.504 0.235369 47.9932 0.0013323
0.0509987 280.329 33.448 0.237761 48.2308 0.0013434
0.0512487 281.916 33.388 0.240185 48.4684 0.00135419
0.0514987 283.43 33.3268 0.242641 48.706 0.00136476
0.0517487 285.133 33.2492 0.245104 48.9436 0.00137505
0.0519987 286.588 33.1834 0.247609 49.1812 0.00138528
0.0522487 288.373 33.0946 0.25011 49.4189 0.00139522
0.0524987 289.793 33.0253 0.25266 49.6566 0.0014052
0.0527487 291.92 33.036 0.255006 49.8942 0.00141963
0.0529987 294.166 33.0285 0.257379 50.1319 0.00143349
0.0532487 296.018 33.0068 0.259851 50.3696 0.00144601
0.0534987 298.198 32.9517 0.262339 50.6073 0.00145773
0.0537487 299.925 32.9134 0.26489 50.845 0.00146927
0.0539987 301.789 32.8617 0.267459 51.0828 0.00148046
0.0542487 303.849 32.7959 0.270038 51.3205 0.00149135
0.0544987 305.63 32.7414 0.272661 51.5583 0.00150218
0.0547487 307.844 32.6635 0.275277 51.796 0.00151269
0.0549987 309.587 32.6068 0.277947 52.0338 0.00152326
0.0552487 312.032 32.6175 0.280441 52.2716 0.00153746
0.0554987 314.843 32.6327 0.282902 52.5094 0.00155223
0.0557487 317.103 32.6298 0.285485 52.7472 0.00156543
0.0559987 319.7 32.5977 0.288091 52.9851 0.00157778
0.0562487 321.996 32.5703 0.290749 53.2229 0.00158984
0.0564987 324.272 32.539 0.293438 53.4607 0.00160162
0.0567487 326.978 32.4887 0.296128 53.6986 0.00161302
0.0569987 329.183 32.455 0.298873 53.9365 0.00162441
0.0572487 331.77 32.407 0.30162 54.1744 0.00163553
0.0574987 334.31 32.3604 0.304393 54.4123 0.00164654
0.0577487 337.344 32.4103 0.306979 54.6502 0.00166181
0.0579987 341.04 32.4425 0.309551 54.8881 0.00167676
0.0582487 343.835 32.4666 0.312256 55.126 0.00169045
0.0584987 346.813 32.4727 0.314996 55.364 0.00170341
0.0587487 350.264 32.4613 0.317749 55.6019 0.00171581
0.0589987 353.106 32.4618 0.320563 55.8399 0.00172813
0.0592487 356.497 32.4489 0.323379 56.0779 0.00174007
0.0594987 359.753 32.439 0.326229 56.3159 0.00175188
0.0597487 362.848 32.4325 0.329112 56.5539 0.00176359
0.0599987 366.78 32.4136 0.331982 56.7919 0.00177496
0.0602487 370.833 32.5364 0.334614 57.0299 0.00179211
0.0604987 374.922 32.6148 0.337356 57.268 0.00180719
0.0607487 379.586 32.6639 0.340147 57.506 0.00182091
0.0609987 383.35 32.7159 0.343019 57.7441 0.00183434
0.0612487 387.711 32.7588 0.345905 57.9821 0.00184725
0.0614987 392.308 32.8001 0.348815 58.2202 0.00185985
0.0617487 396.398 32.8453 0.351775 58.4583 0.00187238
0.0619987 401.901 32.8869 0.354711 58.6964 0.00188444
0.0622487 405.998 32.9361 0.357727 58.9345 0.00189668
0.0624987 410.855 33.008 0.360698 59.1727 0.00190959
0.0627487 417.998 33.217 0.36335 59.4108 0.0019277
0.0629987 423.238 33.3538 0.366249 59.649 0.00194278
0.0632487 429.076 33.4795 0.369191 59.8871 0.00195691
0.0634987 435.92 33.6075 0.372148 60.1253 0.00197039
0.0637487 441.535 33.7295 0.375178 60.3635 0.00198382
0.0639987 448.433 33.8358 0.378197 60.6017 0.00199671
0.0642487 455.398 34.0004 0.381267 60.8399 0.00200962
0.0644987 461.858 34.1378 0.384371 61.0782 0.00202237
0.0647487 470.718 34.3079 0.387446 61.3164 0.00203467
0.0649987 478.567 34.5946 0.3903 61.5546 0.0020525
0.0652487 487.065 34.8643 0.393241 61.7929 0.0020687
0.0654987 497.779 35.1495 0.396225 62.0312 0.00208335
0.0657487 505.972 35.3936 0.399315 62.2695 0.00209782
0.0659987 515.862 35.6668 0.402415 62.5078 0.00211172
0.0662487 527.277 35.9734 0.405527 62.7461 0.00212522
0.0664987 528.742 35.7028 0.408698 62.9844 0.00213873
0.0667487 551.375 36.6365 0.411842 63.2227 0.00215165
0.0669987 551.375 36.6365 0.413434 63.4611 0.00221708
0.0672487 574.194 37.3725 0.418144 63.6994 0.00218093
0.0674987 592.284 37.9852 0.421061 63.9378 0.00219829
0.0677487 605.394 38.4499 0.424183 64.1761 0.00221417
0.0679987 621.194 38.976 0.427338 64.4145 0.00222912
0.0682487 641.095 39.6131 0.430498 64.6529 0.00224339
0.0684987 553.513 34.4341 0.43412 64.8913 0.0022561
0.0687487 557.535 38.4231 0.437906 65.1298 0.00227431
0.0689987 539.464 37.0924 0.440916 65.3683 0.00228978
0.0692487 539.464 37.0924 0.442556 65.6067 0.00235594
0.0694987 539.464 37.0924 0.444446 65.8452 0.0024221
0.0697487 622.756 37.159 0.450338 66.0836 0.0023316
0.0699987 779.43 44.6468 0.45331 66.3221 0.0023482
0.0702487 818.637 45.8149 0.456352 66.5606 0.00236394
0.0704987 715.111 40.1927 0.459858 66.7991 0.00238067
0.0707487 925.623 49.5958 0.462732 67.0376 0.00239339
0.0709987 959.972 50.8489 0.466121 67.2761 0.00240807
0.0712487 1006.76 52.5153 0.469496 67.5146 0.00242224
0.0714987 1046.13 53.7206 0.472875 67.7532 0.00243597
0.0717487 1116.02 56.4007 0.476321 67.9918 0.00245002
0.0719987 1158.79 57.7785 0.479389 68.2303 0.00246951
0.0722487 1262.57 61.8602 0.482606 68.4689 0.00248662
0.0724987 1332.29 64.4294 0.485966 68.7075 0.00250281
0.0727487 1448.3 68.5564 0.48929 68.9461 0.00251774
