0.000285633 112.656 35.656 0.00112753 0.267249 8.93337e-05
0.000535633 116.37 35.7096 0.00134434 0.502231 9.56843e-05
0.000785633 116.37 35.7096 0.00193613 0.737592 0.000172527
0.00103563 119.689 35.6815 0.00174057 0.972448 0.000101669
0.00128563 120.932 35.6582 0.00195623 1.20764 0.000103853
0.00153563 123.538 36.2049 0.00230097 1.44291 0.000129105
0.00178563 123.884 35.8975 0.0025016 1.67816 0.000120694
0.00203563 125.252 36.0229 0.00269972 1.91346 0.000120808
0.00228563 125.83 35.8092 0.00291502 2.14879 0.00011839
0.00253563 126.735 35.974 0.00310889 2.38415 0.000128415
0.00278563 128.98 36.4512 0.00330564 2.61953 0.000149049
0.00303563 130.634 36.7176 0.00353769 2.85493 0.000162119
0.00328563 131.985 36.9058 0.00378657 3.09035 0.000172428
0.00353563 133.08 37.0466 0.00404748 3.32579 0.000181134
0.00378563 134.09 37.1608 0.00431749 3.56124 0.000188742
0.00403563 135.049 37.2568 0.00459512 3.79672 0.000195539
0.00428563 136.018 37.3412 0.00487919 4.03221 0.000201706
0.00453563 136.931 37.4138 0.00516943 4.26772 0.000207374
0.00478563 137.665 37.471 0.0054661 4.50325 0.000212639
0.00503563 138.375 37.5212 0.00576813 4.73879 0.000217553
0.00528563 139.068 37.5657 0.00607529 4.97435 0.000222167
0.00553563 139.758 37.6058 0.00638737 5.20992 0.000226522
0.00578563 140.477 37.6432 0.00670411 5.4455 0.000230651
0.00603563 141.222 37.6782 0.0070255 5.6811 0.000234584
0.00628563 141.779 37.7033 0.00735292 5.91672 0.000238356
0.00653563 142.326 37.7256 0.0076853 6.15234 0.000241971
0.00678563 142.868 37.7455 0.00802268 6.38798 0.000245447
0.00703563 143.409 37.7634 0.00836512 6.62363 0.000248798
0.00728563 143.956 37.7796 0.00871266 6.8593 0.000252037
0.00753563 144.527 37.7947 0.0090653 7.09497 0.000255173
0.00778563 145.209 37.8114 0.00942249 7.33066 0.000258213
0.00803563 145.662 37.8198 0.00978702 7.56636 0.000261185
0.00828563 146.112 37.8268 0.0101573 7.80207 0.00026408
0.00853563 146.561 37.8325 0.0105335 8.03779 0.000266906
0.00878563 147.012 37.837 0.0109157 8.27352 0.000269668
0.00903563 147.468 37.8404 0.0113041 8.50927 0.000272372
0.00928563 147.933 37.843 0.0116989 8.74502 0.000275023
0.00953563 148.42 37.845 0.0121 8.98078 0.000277625
0.00978563 149.013 37.8482 0.0125069 9.21656 0.000280178
0.0100356 149.47 37.847 0.0129221 9.45235 0.000282699
0.0102856 149.862 37.8437 0.013345 9.68814 0.000285187
0.0105356 150.257 37.8395 0.0137753 9.92395 0.000287641
0.0107856 150.655 37.8345 0.0142131 10.1598 0.000290062
0.0110356 151.058 37.8286 0.0146586 10.3956 0.000292454
0.0112856 151.47 37.822 0.0151119 10.6314 0.000294819
0.0115356 151.896 37.8147 0.0155732 10.8673 0.000297159
0.0117856 152.347 37.8069 0.0160425 11.1031 0.000299476
0.0120356 152.923 37.7999 0.0165188 11.339 0.000301767
0.0122856 153.332 37.7892 0.0170058 11.5749 0.00030405
0.0125356 153.693 37.7774 0.0175023 11.8108 0.000306318
0.0127856 154.059 37.7647 0.0180077 12.0467 0.000308571
0.0160356 159.192 37.5241 0.0254815 15.1143 0.000336932
0.0162856 159.602 37.4991 0.0261318 15.3503 0.000339073
0.0165356 160.059 37.473 0.0267929 15.5863 0.000341209
0.0167856 160.617 37.4452 0.0274639 15.8224 0.000343338
0.0170356 160.952 37.4176 0.0281509 16.0585 0.00034548
0.0172856 161.294 37.389 0.0288498 16.2945 0.00034762
0.0175356 161.642 37.3595 0.0295608 16.5306 0.000349758
0.0177856 161.999 37.329 0.030284 16.7667 0.000351895
0.0180356 162.367 37.2975 0.0310195 17.0028 0.000354031
0.0182856 162.749 37.2648 0.0317673 17.239 0.000356166
0.0185356 163.153 37.2309 0.0325274 17.4751 0.0003583
0.0187856 163.601 37.1954 0.0332993 17.7112 0.000360432
0.0190356 164.188 37.1567 0.0340811 17.9474 0.000362557
0.0192856 164.518 37.1205 0.0348817 18.1835 0.000364702
0.0195356 164.854 37.0833 0.0356954 18.4197 0.000366846
0.0197856 165.198 37.0449 0.0365223 18.6559 0.000368992
0.0200356 165.552 37.0055 0.0373625 18.8921 0.000371138
0.0202856 165.916 36.9648 0.0382159 19.1283 0.000373285
0.0205356 166.297 36.9227 0.0390827 19.3645 0.000375433
0.0207856 167.058 36.9704 0.0399659 19.6007 0.000382424
0.0210356 167.066 36.8088 0.0408263 19.837 0.000382237
0.0212856 169.519 37.2298 0.0414251 20.0732 0.000405645
0.0215356 170.707 37.3965 0.0421853 20.3094 0.000419227
0.0217856 171.674 37.5085 0.0429969 20.5457 0.000430031
0.0220356 172.543 37.593 0.0438405 20.782 0.000439455
0.0222856 173.355 37.6598 0.044709 21.0183 0.000448018
0.0225356 174.132 37.7138 0.045599 21.2545 0.000455977
0.0227856 174.888 37.7579 0.0465084 21.4908 0.000463484
0.0230356 175.634 37.7938 0.0474359 21.7272 0.000470636
0.0232856 176.384 37.8224 0.0483802 21.9635 0.0004775
0.0235356 177.164 37.8443 0.0493401 22.1998 0.000484118
0.0237856 178.121 37.8562 0.0503101 22.4361 0.000490496
0.0240356 178.747 37.8719 0.0513073 22.6725 0.000496786
0.0242856 179.369 37.8834 0.0523206 22.9089 0.000502925
0.0245356 179.99 37.891 0.0533497 23.1452 0.000508931
0.0247856 180.613 37.895 0.0543944 23.3816 0.000514818
0.0250356 181.241 37.8954 0.0554546 23.618 0.000520598
0.0252856 181.881 37.8923 0.0565299 23.8544 0.000526283
0.0255356 182.541 37.8856 0.0576199 24.0908 0.000531878
0.0257856 183.244 37.8747 0.0587236 24.3272 0.000537389
0.0260356 184.179 37.8538 0.0598332 24.5637 0.000542781
0.0262856 184.738 37.8419 0.0609735 24.8001 0.000548197
0.0265356 185.301 37.8273 0.0621292 25.0366 0.000553551
0.0267856 185.87 37.8102 0.0633002 25.273 0.000558849
0.0270356 186.447 37.7904 0.0644864 25.5095 0.000564094
0.0272856 187.036 37.7679 0.0656876 25.746 0.000569288
0.0275356 187.642 37.7426 0.0669036 25.9825 0.000574436
0.0277856 188.278 37.714 0.0681337 26.219 0.000579537
0.0280356 188.974 37.681 0.0693765 26.4555 0.000584587
0.0282856 189.868 37.6383 0.0706252 26.6921 0.000589564
0.0285356 190.396 37.6071 0.0719069 26.9286 0.00059459
0.0287856 190.932 37.5737 0.0732039 27.1652 0.000599581
0.0290356 191.476 37.538 0.0745162 27.4018 0.00060454
0.0292856 192.033 37.4998 0.0758436 27.6383 0.000609468
0.0295356 192.606 37.459 0.0771858 27.8749 0.000614365
0.0297856 193.204 37.4151 0.0785425 28.1115 0.000619232
0.0300356 193.844 37.3675 0.0799125 28.3481 0.000624067
0.0302856 194.607 37.3124 0.0812915 28.5848 0.000628856
0.0305356 195.373 37.2549 0.0826858 28.8214 0.000633627
0.0307856 195.883 37.2071 0.0841099 29.058 0.000638434
0.0310356 196.403 37.157 0.0855493 29.2947 0.000643218
0.0312856 196.935 37.1045 0.0870039 29.5314 0.000647981
0.0315356 197.483 37.0494 0.0884733 29.7681 0.000652721
0.0317856 198.054 36.9913 0.0899573 30.0048 0.00065744
0.0320356 198.662 36.9295 0.0914549 30.2415 0.000662136
0.0322856 199.345 36.8617 0.0929637 30.4782 0.000666801
0.0325356 199.345 36.8617 0.0947157 30.715 0.000732322
0.0327856 200.755 36.7178 0.0960256 30.9517 0.000676089
0.0330356 201.253 36.6541 0.0975931 31.1884 0.000680758
0.0332856 201.763 36.5879 0.0991758 31.4252 0.00068541
0.0335356 202.29 36.519 0.100773 31.662 0.000690046
0.0337856 202.84 36.447 0.102385 31.8987 0.000694664
0.0340356 203.423 36.3711 0.104011 32.1355 0.000699263
0.0342856 204.072 36.2894 0.105648 32.3724 0.000703838
0.0345356 205.09 36.1828 0.107276 32.6092 0.000708323
0.0347856 205.557 36.1082 0.108957 32.846 0.000712925
0.0350356 206.033 36.0311 0.110654 33.0829 0.000717513
0.0352856 206.522 35.9515 0.112365 33.3197 0.000722088
0.0355356 207.028 35.869 0.114092 33.5566 0.000726648
0.0357856 208.469 35.981 0.115512 33.7935 0.000742418
0.0360356 210.521 36.2187 0.116736 34.0304 0.000765504
0.0362856 212.038 36.3302 0.118169 34.2673 0.00078161
0.0365356 213.417 36.395 0.11968 34.5042 0.000795315
0.0367856 214.845 36.4247 0.121232 34.7411 0.000807615
0.0370356 216.25 36.4349 0.12282 34.9781 0.000819044
0.0372856 217.258 36.4565 0.124464 35.215 0.000830041
0.0375356 218.239 36.4672 0.126136 35.452 0.000840539
0.0377856 219.203 36.4686 0.127833 35.6889 0.000850635
0.0380356 220.16 36.4616 0.129553 35.9259 0.000860398
0.0382856 221.122 36.4467 0.131294 36.1629 0.000869879
0.0385356 222.103 36.4239 0.133053 36.3999 0.000879113
0.0387856 223.13 36.3921 0.134829 36.6369 0.000888119
0.0390356 224.31 36.3446 0.136612 36.8739 0.000896878
0.0392856 225.596 36.285 0.138405 37.111 0.000905443
0.0395356 226.417 36.2521 0.140253 37.348 0.000914072
0.0397856 227.243 36.2146 0.142118 37.5851 0.000922565
0.0400356 228.078 36.1723 0.144001 37.8221 0.000930932
0.0402856 228.929 36.1252 0.1459 38.0592 0.000939182
0.0405356 229.804 36.0727 0.147815 38.2963 0.00094732
0.0407856 230.72 36.014 0.149744 38.5334 0.00095535
0.0410356 231.716 35.9464 0.151683 38.7706 0.000963263
0.0412856 233.112 35.8482 0.153607 39.0077 0.00097086
0.0415356 234.083 35.7758 0.155581 39.2448 0.000978729
0.0417856 234.844 35.7154 0.157591 39.482 0.00098653
0.0420356 235.619 35.6512 0.159617 39.7191 0.000994259
0.0422856 236.412 35.583 0.161658 39.9563 0.00100192
0.0425356 237.23 35.5103 0.163713 40.1935 0.00100951
0.0427856 238.087 35.4323 0.165782 40.4307 0.00101702
0.0430356 239.005 35.3472 0.167863 40.6679 0.00102447
0.0432856 240.064 35.2496 0.169948 40.9052 0.00103181
0.0435356 241.601 35.1147 0.172007 41.1424 0.00103894
0.0437856 242.32 35.0369 0.174154 41.3796 0.00104634
0.0440356 243.054 34.9557 0.176317 41.6169 0.00105368
0.0442856 243.808 34.8709 0.178494 41.8542 0.00106098
0.0445356 244.588 34.782 0.180686 42.0915 0.00106823
0.0447856 245.404 34.6883 0.182891 42.3288 0.00107542
0.0450356 246.275 34.5884 0.185108 42.5661 0.00108256
0.0452856 247.244 34.4791 0.187332 42.8034 0.00108963
0.0455356 248.575 34.3404 0.18954 43.0408 0.00109654
0.0457856 249.821 34.2062 0.191772 43.2781 0.00110347
0.0460356 250.526 34.1111 0.19407 43.5155 0.00111056
0.0462856 251.251 34.0125 0.196381 43.7528 0.0011176
0.0465356 252.002 33.9102 0.198707 43.9902 0.00112461
0.0467856 252.788 33.8034 0.201047 44.2276 0.00113158
0.0470356 253.625 33.691 0.203398 44.465 0.0011385
0.0472856 254.541 33.5708 0.205758 44.7025 0.00114537
0.0475356 258.155 33.9308 0.207077 44.9399 0.00117825
0.0477856 260.621 34.0367 0.208922 45.1773 0.001198
0.0480356 263.519 34.0302 0.210846 45.4148 0.00121423
0.0482856 265.19 34.0837 0.212928 45.6522 0.00122981
0.0485356 266.772 34.1161 0.215066 45.8897 0.00124434
0.0487856 268.3 34.1326 0.217248 46.1272 0.0012581
0.0490356 269.801 34.1362 0.219466 46.3647 0.00127129
0.0492856 271.293 34.1287 0.221714 46.6022 0.001284
0.0495356 272.798 34.1108 0.22399 46.8397 0.00129633
0.0497856 274.339 34.0826 0.226288 47.0773 0.00130831
0.0500356 275.962 34.0425 0.228603 47.3148 0.00131998
0.0502856 277.79 33.9835 0.230926 47.5524 0.00133131
0.0505356 280.578 33.8589 0.233195 47.7899 0.00134198
0.0507856 281.884 33.8265 0.235604 48.0275 0.00135323
0.0510356 283.203 33.789 0.238033 48.2651 0.00136429
0.0512856 284.543 33.7464 0.240481 48.5027 0.00137519
0.0515356 285.911 33.6987 0.242948 48.7403 0.00138594
0.0517856 287.321 33.6456 0.245432 48.9779 0.00139653
0.0520356 288.791 33.5863 0.247931 49.2156 0.00140699
0.0522856 290.355 33.5193 0.250443 49.4532 0.0014173
0.0525356 292.091 33.4409 0.252961 49.6909 0.00142744
0.0527856 294.486 33.3249 0.255449 49.9285 0.00143723
0.0530356 296.998 33.2036 0.257949 50.1662 0.00144693
0.0532856 298.315 33.1461 0.260558 50.4039 0.00145702
0.0535356 299.665 33.0852 0.263184 50.6416 0.00146702
0.0537856 301.057 33.0208 0.265826 50.8793 0.00147693
0.0540356 302.504 32.9525 0.268483 51.1171 0.00148675
0.0542856 304.024 32.8797 0.271153 51.3548 0.00149648
0.0545356 305.647 32.8012 0.273836 51.5926 0.00150611
0.0547856 307.437 32.7146 0.276525 51.8304 0.00151564
0.0550356 309.595 32.6114 0.279208 52.0681 0.00152499
0.0552856 313.557 32.4307 0.281787 52.3059 0.00153373
0.0555356 314.96 32.3646 0.284562 52.5437 0.00154327
0.0557856 316.408 32.2963 0.287353 52.7816 0.00155274
0.0560356 317.911 32.2254 0.290159 53.0194 0.00156216
0.0562856 319.481 32.1518 0.292979 53.2572 0.0015715
0.0565356 321.138 32.0751 0.295813 53.4951 0.00158078
0.0567856 322.913 31.9943 0.298658 53.733 0.00158998
0.0570356 324.86 31.9081 0.301511 53.9708 0.00159911
0.0572856 327.119 31.8123 0.304364 54.2087 0.00160811
0.0575356 330.481 31.6837 0.307168 54.4466 0.00161681
0.0577856 338.581 32.053 0.308687 54.6846 0.00164993
0.0580356 342.531 32.2728 0.310934 54.9225 0.00167261
0.0582856 346.03 32.4278 0.313359 55.1604 0.0016921
0.0585356 349.338 32.5493 0.315882 55.3984 0.00170992
0.0587856 352.564 32.6495 0.318473 55.6363 0.00172667
0.0590356 355.771 32.7346 0.321116 55.8743 0.00174265
0.0592856 359.008 32.8082 0.3238 56.1123 0.00175801
0.0595356 362.321 32.8726 0.326519 56.3502 0.00177289
0.0597856 365.769 32.9293 0.329268 56.5882 0.00178734
0.0600356 369.443 32.9789 0.332039 56.8263 0.00180142
0.0602856 373.541 33.0211 0.334822 57.0643 0.0018151
0.0605356 379.19 33.0458 0.337572 57.3023 0.00182814
0.0607856 386.886 33.06 0.340273 57.5404 0.00184052
0.0610356 390.19 33.1193 0.343179 57.7784 0.00185393
0.0612856 393.59 33.177 0.346108 58.0165 0.00186715
0.0615356 397.109 33.2335 0.349058 58.2546 0.00188018
0.0617856 400.775 33.2895 0.352028 58.4927 0.00189304
0.0620356 404.627 33.3457 0.355017 58.7308 0.00190574
0.0622856 408.722 33.4029 0.358022 58.9689 0.00191827
0.0625356 413.157 33.4619 0.361041 59.207 0.00193063
0.0627856 418.122 33.5246 0.364066 59.4452 0.00194281
0.0630356 424.198 33.5948 0.367081 59.6833 0.00195471
0.0632856 439.041 33.7222 0.369861 59.9215 0.00196511
0.0635356 443.332 33.8044 0.372989 60.1597 0.0019773
0.0637856 447.81 33.8898 0.376136 60.3979 0.00198938
0.0640356 452.507 33.9792 0.3793 60.6361 0.00200136
0.0642856 457.468 34.0735 0.382481 60.8743 0.00201324
0.0645356 462.753 34.1741 0.385677 61.1125 0.00202501
0.0647856 468.451 34.2828 0.388886 61.3507 0.00203668
0.0650356 474.713 34.4028 0.392106 61.589 0.00204823
0.0652856 481.834 34.5396 0.39533 61.8273 0.00205963
0.0655356 481.834 34.5396 0.397618 62.0656 0.002125
0.0657856 499.083 34.6166 0.401645 62.3038 0.00208143
0.0660356 499.083 34.6166 0.403686 62.5422 0.00214674
0.0662856 530.958 35.533 0.40808 62.7804 0.00210315
0.0665356 538.251 35.7147 0.411437 63.0188 0.00211452
0.0667856 546.067 35.911 0.414809 63.2571 0.0021258
0.0670356 554.534 36.1255 0.418195 63.4954 0.00213701
0.0672856 571.344 37.06 0.420174 63.7338 0.00217151
0.0675356 585.852 37.7392 0.422757 63.9722 0.00219622
0.0677856 597.534 38.0743 0.425483 64.2106 0.00221776
0.0680356 615.876 38.9774 0.428444 64.4489 0.00223726
0.0682856 633.46 39.639 0.431403 64.6873 0.00225568
0.0685356 657.394 40.4692 0.434367 64.9258 0.00227286
