0.000724465 122.94 38.897 0.0029106 0.677792 0.000228127
0.000974465 126.718 39.071 0.00332532 0.912764 0.000242258
0.00122446 129.47 39.2003 0.00363561 1.14783 0.000250429
0.00147446 130.996 39.2267 0.00393607 1.38295 0.000256933
0.00172446 132.354 39.2478 0.00423302 1.61812 0.000262395
0.00197446 133.623 39.2669 0.00453015 1.85334 0.000267154
0.00222446 134.869 39.2876 0.00482869 2.0886 0.000271393
0.00247446 136.28 39.3225 0.0051282 2.32389 0.00027522
0.00272446 137.522 39.3449 0.00543118 2.5592 0.000278745
0.00297446 138.272 39.3333 0.00573963 2.79455 0.000282031
0.00322446 138.988 39.3214 0.00605069 3.02993 0.000285088
0.00347446 139.679 39.3095 0.00636435 3.26532 0.000287949
0.00372446 140.349 39.2976 0.0066806 3.50074 0.000290642
0.00397446 141.005 39.2859 0.00699942 3.73619 0.000293187
0.00422446 141.654 39.2746 0.00732084 3.97165 0.000295603
0.00447446 142.303 39.2639 0.00764484 4.20713 0.000297905
0.00472446 142.965 39.2544 0.00797143 4.44263 0.000300105
0.00497446 143.664 39.2471 0.00830052 4.67815 0.000302214
0.00522446 144.492 39.2463 0.00863149 4.91368 0.000304237
0.00547446 145.43 39.2504 0.00896465 5.14923 0.000306187
0.00572446 145.848 39.2283 0.00930515 5.38479 0.000308094
0.00597446 146.258 39.2063 0.00964901 5.62037 0.00030994
0.00622446 146.662 39.1844 0.00999639 5.85597 0.00031173
0.00647446 147.06 39.1626 0.0103475 6.09157 0.00031347
0.00672446 147.454 39.1407 0.0107024 6.3272 0.000315164
0.00697446 147.846 39.119 0.0110614 6.56283 0.000316816
0.00722446 148.235 39.0972 0.0114245 6.79848 0.00031843
0.00747446 148.624 39.0755 0.0117922 7.03414 0.00032001
0.00772446 149.013 39.0537 0.0121644 7.26981 0.000321559
0.00797446 149.405 39.032 0.0125414 7.5055 0.000323079
0.00822446 149.801 39.0103 0.0129234 7.74119 0.000324572
0.00847446 150.203 38.9886 0.0133107 7.9769 0.000326042
0.00872446 150.615 38.967 0.0137033 8.21262 0.000327491
0.00897446 151.041 38.9456 0.0141014 8.44835 0.000328919
0.00922446 151.489 38.9244 0.0145052 8.6841 0.00033033
0.00947446 151.975 38.904 0.0149147 8.91985 0.000331724
0.00972446 152.547 38.8854 0.0153296 9.15561 0.000333102
0.00997446 153.462 38.8755 0.0157473 9.39139 0.000334457
0.0102245 153.743 38.8472 0.0161787 9.62718 0.000335825
0.0104745 154.025 38.8187 0.0166173 9.86297 0.000337182
0.0107245 154.307 38.7899 0.017063 10.0988 0.000338528
0.0109745 154.59 38.7609 0.0175162 10.3346 0.000339866
0.0112245 154.875 38.7316 0.017977 10.5704 0.000341196
0.0114745 155.161 38.702 0.0184457 10.8063 0.00034252
0.0117245 155.45 38.672 0.0189225 11.0421 0.000343837
0.0119745 155.741 38.6417 0.0194076 11.278 0.000345149
0.0122245 156.035 38.6111 0.0199011 11.5138 0.000346456
0.0124745 156.334 38.58 0.0204034 11.7497 0.00034776
0.0127245 156.636 38.5486 0.0209145 11.9856 0.000349061
0.0129745 156.943 38.5167 0.0214346 12.2215 0.000350359
0.0132245 157.257 38.4843 0.021964 12.4574 0.000351656
0.0134745 157.577 38.4515 0.0225028 12.6933 0.000352951
0.0137245 157.906 38.4182 0.0230512 12.9293 0.000354246
0.0139745 158.245 38.3844 0.0236094 13.1652 0.00035554
0.0142245 158.596 38.35 0.0241774 13.4012 0.000356834
0.0144745 158.964 38.3151 0.0247554 13.6371 0.000358128
0.0147245 159.354 38.2796 0.0253435 13.8731 0.000359424
0.0149745 159.778 38.2435 0.0259416 14.1091 0.00036072
0.0152245 160.261 38.2068 0.0265494 14.3451 0.000362016
0.0157245 161.613 38.1314 0.0277912 14.8171 0.000364607
0.0159745 161.859 38.0906 0.0284365 15.0531 0.000365925
0.0162245 162.108 38.0491 0.0290933 15.2891 0.000367246
0.0164745 162.361 38.007 0.0297618 15.5252 0.000368569
0.0167245 162.616 37.9642 0.030442 15.7612 0.000369895
0.0169745 162.875 37.9208 0.0311341 15.9973 0.000371224
0.0247245 172.884 36.1001 0.059179 23.3204 0.000414818
0.0252245 173.547 35.9453 0.061467 23.7933 0.000417812
0.0257245 174.313 35.7806 0.0638129 24.2661 0.000420824
0.0262245 175.377 35.5955 0.0662092 24.739 0.000423845
0.0264745 176.447 35.4729 0.0674093 24.9755 0.000425339
0.0267245 176.648 35.3917 0.0686591 25.212 0.000426889
0.0269745 176.851 35.3093 0.0699246 25.4485 0.000428443
0.0272245 177.058 35.2257 0.071206 25.685 0.000430003
0.0274745 177.269 35.1407 0.0725031 25.9215 0.000431566
0.0277245 177.483 35.0544 0.073816 26.1581 0.000433135
0.0279745 177.702 34.9667 0.0751447 26.3946 0.000434707
0.0282245 177.925 34.8775 0.0764893 26.6312 0.000436285
0.0284745 177.924 34.8119 0.0779011 26.8678 0.000439792
0.0287245 178.39 34.6944 0.0792259 27.1043 0.000439452
0.0289745 182.517 35.4872 0.0795928 27.3409 0.000488616
0.0292245 185.398 35.9946 0.0802803 27.5775 0.000523258
0.0294745 187.571 36.3373 0.0811637 27.8141 0.000549278
0.0297245 189.418 36.6015 0.0821465 28.0507 0.000571214
0.0299745 191.07 36.8172 0.0831955 28.2874 0.000590641
0.0302245 192.592 36.9987 0.0842944 28.524 0.000608327
0.0304745 194.023 37.1544 0.0854338 28.7606 0.000624716
0.0307245 195.387 37.2895 0.0866078 28.9973 0.000640092
0.0309745 196.705 37.4077 0.0878121 29.2339 0.000654646
0.0312245 197.991 37.5113 0.0890437 29.4706 0.000668518
0.0314745 199.26 37.6019 0.0903001 29.7073 0.00068181
0.0317245 200.527 37.6807 0.0915791 29.9439 0.000694598
0.0319745 201.815 37.748 0.0928783 30.1806 0.000706939
0.0322245 203.166 37.803 0.0941945 30.4173 0.000718864
0.0324745 204.741 37.8384 0.0955177 30.6541 0.000730334
0.0327245 206.787 37.8431 0.0968323 30.8908 0.000741283
0.0329745 207.746 37.8959 0.0982274 31.1275 0.000752567
0.0332245 208.689 37.9426 0.0996427 31.3643 0.000763598
0.0334745 209.618 37.9837 0.101078 31.601 0.000774399
0.0337245 210.537 38.0196 0.102532 31.8378 0.000784988
0.0339745 211.446 38.0504 0.104005 32.0746 0.000795384
0.0342245 212.347 38.0766 0.105496 32.3114 0.000805599
0.0344745 213.243 38.0982 0.107006 32.5482 0.000815648
0.0347245 214.135 38.1155 0.108534 32.785 0.000825542
0.0349745 215.025 38.1286 0.110079 33.0218 0.00083529
0.0352245 215.914 38.1376 0.111642 33.2586 0.000844903
0.0354745 216.805 38.1426 0.113222 33.4955 0.000854388
0.0357245 217.7 38.1437 0.114819 33.7323 0.000863751
0.0359745 218.602 38.1409 0.116433 33.9692 0.000873
0.0362245 219.513 38.1341 0.118063 34.2061 0.000882141
0.0364745 220.437 38.1234 0.119708 34.443 0.000891177
0.0367245 221.378 38.1085 0.12137 34.6799 0.000900112
0.0369745 222.345 38.0892 0.123046 34.9168 0.00090895
0.0372245 223.345 38.0651 0.124736 35.1537 0.000917692
0.0374745 224.396 38.0355 0.126439 35.3907 0.000926335
0.0377245 225.528 37.9988 0.128152 35.6276 0.000934872
0.0379745 226.822 37.9507 0.129869 35.8646 0.000943274
0.0382245 228.859 37.8604 0.131546 36.1015 0.000951145
0.0384745 230.54 37.7869 0.133264 36.3385 0.00095946
0.0387245 231.291 37.7594 0.13507 36.5755 0.000967954
0.0389745 232.043 37.7291 0.136893 36.8125 0.000976382
0.0392245 232.797 37.6963 0.138732 37.0495 0.000984748
0.0394745 233.554 37.6608 0.140588 37.2866 0.000993053
0.0397245 234.315 37.6227 0.14246 37.5236 0.0010013
0.0399745 235.081 37.582 0.144348 37.7607 0.00100949
0.0402245 235.853 37.5386 0.146252 37.9977 0.00101762
0.0404745 236.632 37.4924 0.148172 38.2348 0.0010257
0.0407245 237.421 37.4435 0.150108 38.4719 0.00103373
0.0409745 238.221 37.3918 0.152059 38.709 0.00104171
0.0412245 239.035 37.3371 0.154025 38.9461 0.00104964
0.0414745 239.865 37.2794 0.156007 39.1832 0.00105752
0.0417245 240.715 37.2183 0.158003 39.4204 0.00106535
0.0419745 241.59 37.1537 0.160013 39.6575 0.00107314
0.0422245 242.497 37.0852 0.162037 39.8947 0.00108087
0.0424745 243.446 37.0123 0.164073 40.1318 0.00108856
0.0427245 244.451 36.9339 0.166121 40.369 0.00109619
0.0429745 245.54 36.8485 0.168178 40.6062 0.00110375
0.0432245 246.774 36.7526 0.170238 40.8434 0.00111123
0.0434745 248.362 36.6335 0.172283 41.0806 0.00111856
0.0437245 249.981 36.5086 0.174349 41.3179 0.00112493
0.0439745 252.483 36.3332 0.176341 41.5551 0.00113286
0.0442245 253.169 36.2623 0.178512 41.7924 0.00114049
0.0444745 253.861 36.1892 0.1807 42.0296 0.00114808
0.0447245 254.559 36.1141 0.182903 42.2669 0.00115565
0.0449745 255.265 36.0368 0.185122 42.5042 0.00116317
0.0452245 255.979 35.9573 0.187357 42.7415 0.00117067
0.0454745 256.704 35.8755 0.189608 42.9788 0.00117813
0.0457245 257.44 35.7914 0.191874 43.2161 0.00118556
0.0459745 258.189 35.7048 0.194155 43.4535 0.00119296
0.0462245 258.954 35.6157 0.196451 43.6908 0.00120033
0.0464745 259.738 35.5239 0.198762 43.9282 0.00120767
0.0467245 260.544 35.4292 0.201087 44.1656 0.00121497
0.0469745 261.376 35.3314 0.203426 44.403 0.00122224
0.0472245 262.239 35.2301 0.205779 44.6404 0.00122948
0.0474745 263.143 35.1248 0.208145 44.8778 0.00123669
0.0477245 264.097 35.0149 0.210522 45.1152 0.00124386
0.0479745 265.12 34.8992 0.21291 45.3527 0.00125098
0.0482245 266.241 34.7761 0.215306 45.5901 0.00125806
0.0484745 267.519 34.6416 0.217703 45.8276 0.00126507
0.0487245 269.125 34.4852 0.220089 46.0651 0.00127196
0.0489745 271.687 34.2584 0.222407 46.3025 0.00127816
0.0492245 271.794 34.2169 0.224971 46.5401 0.00128444
0.0494745 275.925 33.8894 0.227177 46.7776 0.00129207
0.0497245 276.598 33.7887 0.229711 47.0151 0.00129926
0.0499745 277.281 33.6863 0.232261 47.2526 0.00130642
0.0502245 277.976 33.5823 0.234826 47.4902 0.00131357
0.0504745 278.683 33.4766 0.237408 47.7277 0.00132068
0.0507245 279.405 33.369 0.240004 47.9653 0.00132778
0.0509745 280.144 33.2596 0.242616 48.2029 0.00133485
0.0512245 280.901 33.1482 0.245243 48.4405 0.00134189
0.0514745 281.681 33.0347 0.247885 48.6781 0.00134891
0.0517245 282.485 32.9189 0.250542 48.9158 0.00135591
0.0519745 283.318 32.8008 0.253213 49.1534 0.00136289
0.0522245 284.186 32.68 0.255898 49.3911 0.00136984
0.0524745 285.094 32.5562 0.258596 49.6287 0.00137676
0.0527245 286.053 32.4289 0.261307 49.8664 0.00138365
0.0529745 287.073 32.2976 0.26403 50.1041 0.00139052
0.0532245 288.175 32.1613 0.266763 50.3418 0.00139735
0.0534745 289.386 32.0185 0.269505 50.5795 0.00140414
0.0537245 290.761 31.8663 0.27225 50.8173 0.00141088
0.0539745 292.417 31.6985 0.27499 51.055 0.00141754
0.0542245 294.811 31.4905 0.277691 51.2928 0.00142402
0.0544745 297.144 31.28 0.280384 51.5305 0.00143035
0.0547245 303.8 30.8708 0.282845 51.7683 0.00143609
0.0549745 304.559 30.7598 0.285729 52.0061 0.00144302
0.0552245 305.337 30.648 0.288629 52.2439 0.00144994
0.0554745 306.134 30.5354 0.291544 52.4817 0.00145684
0.0557245 306.953 30.4218 0.294476 52.7196 0.00146372
0.0559745 307.797 30.3073 0.297422 52.9574 0.00147058
0.0562245 308.668 30.1919 0.300385 53.1953 0.00147742
0.0564745 309.569 30.0754 0.303362 53.4331 0.00148424
0.0567245 310.504 29.9578 0.306355 53.671 0.00149104
0.0569745 309.742 29.6515 0.308921 53.9089 0.00150304
0.0572245 316.185 30.1826 0.311195 54.1468 0.00152774
0.0574745 323.511 30.8479 0.312234 54.3848 0.00157332
0.0577245 329.312 31.3144 0.313809 54.6227 0.00160867
0.0579745 334.43 31.687 0.315645 54.8606 0.00163918
0.0582245 339.157 32.0023 0.317647 55.0985 0.00166669
0.0584745 343.642 32.278 0.319769 55.3365 0.00169212
0.0587245 347.97 32.5244 0.321984 55.5745 0.00171599
0.0589745 352.203 32.748 0.324274 55.8124 0.00173863
0.0592245 356.385 32.9536 0.326627 56.0504 0.00176026
0.0594745 360.554 33.1444 0.329036 56.2884 0.00178105
0.0597245 364.745 33.3229 0.331492 56.5264 0.00180113
0.0599745 368.991 33.4911 0.33399 56.7644 0.00182057
0.0602245 373.332 33.6508 0.336526 57.0024 0.00183946
0.0604745 377.814 33.8031 0.339096 57.2404 0.00185784
0.0607245 382.502 33.9494 0.341695 57.4785 0.00187575
0.0609745 387.497 34.0907 0.344318 57.7165 0.00189321
0.0612245 392.986 34.228 0.346958 57.9546 0.0019102
0.0614745 399.444 34.3619 0.349597 58.1926 0.00192664
0.0617245 410.606 34.4891 0.35211 58.4307 0.00194143
0.0619745 414.195 34.7055 0.35488 58.6688 0.00195823
0.0622245 415.992 34.7483 0.357822 58.9069 0.00197313
0.0624745 446.994 35.0657 0.359864 59.145 0.00198595
0.0627245 451.893 35.2507 0.362723 59.3831 0.00200223
0.0629745 456.879 35.4354 0.365609 59.6213 0.0020183
0.0632245 461.962 35.6205 0.368521 59.8594 0.00203417
0.0634745 467.153 35.8065 0.371457 60.0976 0.00204985
0.0637245 472.465 35.9939 0.374418 60.3357 0.00206535
0.0639745 477.909 36.1834 0.377403 60.5739 0.00208067
0.0642245 483.501 36.3755 0.38041 60.8121 0.00209584
0.0644745 489.257 36.571 0.38344 61.0503 0.00211085
0.0647245 495.195 36.7705 0.386493 61.2885 0.00212572
0.0649745 501.335 36.9747 0.389566 61.5268 0.00214044
0.0652245 507.7 37.1846 0.392661 61.765 0.00215503
0.0654745 514.319 37.401 0.395776 62.0033 0.00216948
0.0657245 521.223 37.6251 0.398911 62.2415 0.00218381
0.0659745 528.451 37.8583 0.402066 62.4798 0.00219801
0.0662245 536.053 38.102 0.405239 62.7181 0.00221209
0.0664745 544.087 38.3582 0.40843 62.9564 0.00222605
0.0667245 552.633 38.6294 0.411637 63.1947 0.00223988
0.0669745 561.796 38.9189 0.41486 63.433 0.0022536
0.0672245 571.723 39.2312 0.418097 63.6713 0.00226719
0.0674745 582.638 39.5729 0.421345 63.9097 0.00228064
0.0677245 594.904 39.955 0.424599 64.1481 0.00229393
0.0679745 609.216 40.3979 0.427853 64.3864 0.00230703
0.0682245 627.319 40.9522 0.431086 64.6248 0.00231984
0.0684745 666.913 42.1223 0.434094 64.8632 0.00233119
0.0687245 670.342 42.2362 0.437481 65.1016 0.0023444
0.0689745 636.482 39.9882 0.441178 65.34 0.00235602
0.0692245 656.236 40.8091 0.444493 65.5785 0.0023685
0.0694745 659.642 41.2009 0.448078 65.8169 0.00238198
0.0697245 659.642 41.2009 0.450396 66.0554 0.00244815
0.0699745 756.672 46.9347 0.455069 66.2938 0.00240783
0.0702245 705.73 43.5697 0.458969 66.5323 0.00241863
0.0704745 705.73 43.5697 0.461375 66.7708 0.00248523
0.0707245 709.383 43.3708 0.466106 67.0093 0.00244318
